0|341974|-4852;4216;-18684|1561;5363;-1401|16.529999
1|342026|-6048;4508;-17440|1163;6474;4818|16.435881
2|342027|-6236;4416;-17460|1161;6450;4801|16.529999
3|342028|-6404;4528;-17504|1153;6417;4732|16.435881
4|342030|-6592;4528;-17572|1116;6359;4604|16.529999
5|342031|-6756;4576;-17540|1117;6313;4542|16.529999
6|342032|-6912;4604;-17608|1133;6257;4483|16.624117
7|342033|-6924;4624;-17572|1115;6199;4417|16.529999
8|342035|-7128;4576;-17580|1160;6084;4209|16.624117
9|342036|-7228;4596;-17652|1167;6007;4067|16.624117
10|342063|-7648;4056;-18216|2279;3380;87|16.529999
11|342065|-7580;4000;-18196|2336;3296;-56|16.529999
12|342066|-7580;4020;-18072|2382;3231;-180|16.529999
13|342067|-7560;3944;-18208|2409;3151;-337|16.529999
14|342068|-7404;3992;-18252|2464;3080;-462|16.529999
15|342070|-7252;4012;-18252|2593;2994;-685|16.435881
16|342071|-7128;4140;-18284|2632;2961;-821|16.529999
17|342072|-7112;4008;-18368|2693;2937;-934|16.529999
18|342073|-7016;3968;-18340|2716;2939;-1043|16.529999
19|342075|-6948;3880;-18288|2854;2903;-1254|16.624117
20|342103|-5360;3896;-16060|2707;3580;-3107|16.529999
21|342105|-5040;3968;-16132|2492;3648;-3074|16.529999
22|342106|-4952;3964;-16344|2419;3702;-3070|16.529999
23|342107|-4968;3824;-16224|2367;3735;-3080|16.624117
24|342108|-4868;3832;-16284|2326;3769;-3066|16.529999
25|342110|-4676;3740;-16444|2238;3798;-2998|16.529999
26|342111|-4560;3760;-16660|2194;3813;-2966|16.529999
27|342112|-4472;3764;-16776|2157;3815;-2946|16.529999
28|342113|-4424;3692;-16804|2142;3804;-2910|16.529999
29|342115|-4124;3704;-16952|2134;3775;-2778|16.529999
30|342142|-2784;3100;-17884|2762;4394;443|16.529999
31|342143|-2788;3136;-17904|2768;4462;559|16.529999
32|342144|-2820;3084;-18024|2784;4502;666|16.529999
33|342145|-2744;3112;-17928|2791;4548;796|16.624117
34|342146|-2992;3116;-18020|2810;4604;1055|16.624117
35|342148|-3064;3056;-17968|2799;4621;1128|16.529999
36|342149|-3192;3092;-18004|2792;4652;1220|16.529999
37|342150|-3120;3116;-17916|2778;4705;1322|16.529999
38|342151|-3224;2928;-17740|2791;4803;1480|16.435881
39|342180|-5448;1884;-19172|2908;4361;1826|16.624117
40|342181|-5576;1756;-19336|3008;4207;1738|16.624117
41|342183|-5552;1540;-19444|3070;4167;1707|16.529999
42|342184|-5628;1368;-19364|3120;4110;1643|16.529999
43|342185|-5716;1400;-19388|3164;4016;1576|16.529999
44|342186|-5864;1348;-19504|3327;3849;1481|16.529999
45|342188|-5892;1400;-19768|3400;3741;1421|16.529999
46|342189|-5992;1364;-19692|3450;3657;1348|16.529999
47|342190|-6052;1364;-19700|3513;3573;1274|16.529999
48|342191|-6156;1500;-19936|3694;3457;1101|16.529999
49|342218|-6248;1300;-20352|6053;3470;-1395|16.529999
50|342220|-6124;1240;-20328|6142;3483;-1513|16.529999
51|342221|-6280;1180;-20380|6238;3495;-1601|16.529999
52|342222|-6196;1112;-20356|6315;3503;-1702|16.529999
53|342223|-6032;1232;-20380|6363;3496;-1777|16.529999
54|342225|-6024;1108;-20044|6489;3478;-1976|16.529999
55|342226|-6000;1056;-19944|6552;3472;-2061|16.529999
56|342227|-6140;1024;-19864|6611;3453;-2126|16.624117
57|342228|-5804;1052;-19824|6628;3438;-2226|16.624117
58|342257|-3904;268;-19272|5840;1256;-3362|16.529999
59|342258|-3848;220;-19248|5769;1170;-3357|16.529999
60|342260|-3676;260;-19608|5701;1015;-3326|16.624117
61|342261|-3656;328;-19640|5703;940;-3273|16.529999
62|342262|-3600;344;-19820|5678;861;-3212|16.624117
63|342263|-3484;212;-19872|5649;785;-3197|16.529999
64|342264|-3292;144;-19996|5650;621;-3170|16.529999
65|342266|-3388;212;-20128|5630;515;-3112|16.435881
66|342267|-3356;192;-20152|5628;410;-3060|16.529999
67|342268|-3164;188;-20260|5631;326;-3006|16.529999
68|342295|-2528;-768;-20304|6583;-1542;-777|16.624117
69|342296|-2600;-864;-20108|6626;-1706;-620|16.529999
70|342298|-2692;-868;-20064|6627;-1773;-546|16.529999
71|342299|-2588;-996;-19948|6643;-1866;-453|16.624117
72|342300|-2644;-1096;-19904|6652;-1964;-374|16.529999
73|342301|-2640;-1076;-19760|6654;-2099;-216|16.529999
74|342303|-2680;-1068;-19796|6642;-2145;-142|16.529999
75|342304|-2704;-1016;-19812|6620;-2229;-74|16.624117
76|342305|-2624;-1060;-19744|6632;-2299;1|16.624117
77|342306|-2768;-968;-19572|6582;-2368;125|16.624117
78|342335|-5468;-400;-20252|6731;-1929;898|16.529999
79|342336|-5844;-340;-20448|6849;-1827;788|16.529999
80|342338|-5880;-436;-20460|6915;-1776;714|16.529999
81|342339|-5928;-424;-20524|6984;-1712;681|16.529999
82|342340|-6040;-340;-20420|7058;-1686;624|16.529999
83|342341|-6320;-504;-20408|7136;-1637;455|16.529999
84|342342|-6376;-580;-20408|7189;-1561;389|16.529999
85|342344|-6404;-484;-20476|7249;-1502;328|16.529999
86|342345|-6548;-440;-20436|7319;-1444;250|16.529999
87|342372|-5760;-416;-19956|7992;-1340;-2045|16.624117
88|342373|-5656;-476;-19872|7991;-1362;-2093|16.529999
89|342374|-5396;-476;-19852|8039;-1425;-2206|16.529999
90|342376|-5316;-468;-19732|8029;-1438;-2232|16.624117
91|342377|-5212;-540;-19664|8039;-1424;-2252|16.624117
92|342378|-5156;-584;-19736|8042;-1436;-2287|16.529999
93|342379|-4884;-604;-19720|8103;-1448;-2338|16.529999
94|342381|-4812;-592;-19668|8102;-1456;-2326|16.529999
95|342382|-4744;-584;-19696|8103;-1476;-2339|16.529999
96|342383|-4676;-628;-19616|8069;-1482;-2372|16.624117
97|342412|-3140;-908;-19772|7927;-1157;-999|16.529999
98|342413|-2844;-800;-19816|7971;-1067;-927|16.624117
99|342414|-3388;-1080;-20104|8094;-938;-777|16.529999
100|342416|-2996;-1144;-19968|8120;-883;-715|16.529999
101|342417|-3248;-1116;-20176|8141;-808;-625|16.529999
102|342418|-4876;-1844;-20580|8192;-895;-582|16.529999
103|342419|-4208;-448;-18892|8273;-1548;-506|16.435881
104|342421|-5108;-1548;-18992|8156;-1610;-544|16.529999
105|342422|-6048;-2360;-19416|8120;-1792;-573|16.529999
106|342449|-1596;4272;-32768|15317;-3014;-3044|16.529999
107|342450|-4208;29028;-18192|15663;-1952;-3284|16.624117
108|342451|19728;20172;-23248|16174;-2862;-4325|16.624117
109|342452|920;18476;-32768|14548;314;-4273|16.529999
110|342454|-32768;-9968;-32768|15486;-3116;-3808|16.435881
111|342455|15532;-936;-32768|18777;-3182;-2946|16.529999
112|342456|-32768;-9528;-32768|16257;857;-5449|16.529999
113|342457|-32768;-13596;-26216|16880;-7329;-6567|16.624117
114|342459|32767;-4976;-22176|18058;-5547;-5413|16.529999
115|342488|-2312;656;-20200|2736;8078;2091|16.529999
116|342489|-3484;768;-19480|3464;7958;2149|16.529999
117|342491|-3276;336;-19468|3697;7840;2242|16.529999
118|342492|-2748;-524;-19548|3864;7854;2383|16.529999
119|342493|-2228;-1412;-19688|3978;7955;2627|16.624117
120|342494|-1756;-2632;-19772|4043;8400;3111|16.529999
121|342496|-1804;-2888;-19892|4064;8670;3328|16.529999
122|342497|-1980;-2760;-19812|4078;8921;3573|16.529999
123|342498|-2344;-2568;-19512|4082;9225;3742|16.529999
124|342525|-9112;-3356;-18936|6229;7502;-1857|16.624117
125|342526|-8792;-3452;-18868|6537;6917;-2385|16.529999
126|342527|-8488;-3388;-18816|6646;6676;-2638|16.529999
127|342529|-8156;-3276;-18796|6751;6495;-2865|16.529999
128|342530|-7952;-3344;-18688|6897;6337;-3066|16.529999
129|342531|-7504;-3268;-18668|7136;6031;-3550|16.529999
130|342532|-7224;-3280;-18520|7246;5871;-3744|16.529999
131|342534|-7092;-3312;-18512|7379;5730;-3889|16.529999
132|342535|-7060;-3484;-18452|7545;5600;-4039|16.529999
133|342564|-1316;-5812;-15952|10087;5951;-4929|16.624117
134|342565|-1156;-5848;-15872|10130;6020;-4906|16.529999
135|342566|-1008;-5948;-15588|10175;6140;-4824|16.624117
136|342567|-972;-6012;-15644|10218;6156;-4794|16.435881
137|342569|-868;-6092;-15588|10254;6187;-4730|16.529999
138|342570|-1000;-6220;-15552|10270;6220;-4691|16.529999
139|342571|-816;-6324;-15288|10321;6200;-4653|16.529999
140|342572|-876;-6456;-15284|10346;6141;-4603|16.624117
141|342574|-752;-6540;-15272|10354;6068;-4590|16.624117
142|342601|-1616;-5724;-15536|10922;2103;-4775|16.529999
143|342602|-1212;-5620;-15676|10983;2019;-4844|16.435881
144|342603|-1956;-5680;-16004|11027;1866;-4935|16.529999
145|342604|-1980;-5984;-16380|11048;1740;-4958|16.435881
146|342605|-2316;-5288;-17592|10946;1672;-4944|16.529999
147|342607|-2116;-5936;-18976|10853;1464;-4975|16.435881
148|342608|-1180;-5644;-16376|10787;1465;-5038|16.435881
149|342609|-2436;-5912;-17464|10873;1370;-5198|16.624117
150|342610|-2268;-5604;-16472|11003;1301;-5232|16.624117
151|342639|-2224;-5384;-16540|12806;277;-7342|16.529999
152|342640|-2072;-5524;-16484|12866;385;-7351|16.624117
153|342642|-2004;-5560;-16484|12955;507;-7368|16.624117
154|342643|-1840;-5716;-16248|13067;880;-7375|16.624117
155|342644|-2000;-5864;-16224|13112;1022;-7383|16.529999
156|342645|-1656;-6032;-16076|13180;1160;-7375|16.624117
157|342647|-1736;-6192;-16072|13251;1298;-7394|16.529999
158|342648|-1780;-6356;-16036|13305;1432;-7399|16.624117
159|342649|-1412;-6580;-15964|13430;1714;-7432|16.529999
160|342650|-1428;-6780;-15816|13476;1863;-7400|16.529999
161|342677|-240;-8156;-11344|13802;7000;-7064|16.624117
162|342679|-264;-8156;-11120|13771;7157;-7090|16.529999
163|342680|-292;-8264;-11068|13678;7294;-7123|16.435881
164|342681|-360;-8112;-10624|13559;7558;-7201|16.624117
165|342682|-300;-8040;-10572|13465;7655;-7258|16.624117
166|342684|-316;-7916;-10312|13380;7771;-7297|16.624117
167|342685|-312;-7816;-10092|13316;7850;-7372|16.529999
168|342686|-196;-7640;-9848|13133;8016;-7557|16.529999
169|342687|-312;-7708;-9592|13021;8090;-7631|16.624117
170|342716|2164;-7432;-7224|8112;6455;-11095|16.529999
171|342717|1868;-7200;-7144|7899;6157;-11204|16.529999
172|342719|1904;-7124;-6956|7655;5875;-11326|16.529999
173|342720|1568;-7040;-7060|7397;5593;-11414|16.529999
174|342721|1588;-6768;-6856|6940;4845;-11539|16.624117
175|342722|2220;-6668;-6972|6685;4499;-11607|16.529999
176|342724|2948;-6748;-6800|6445;4231;-11652|16.529999
177|342725|1728;-6356;-6728|6213;3906;-11659|16.624117
178|342726|2408;-6544;-6804|5711;3382;-11811|16.529999
179|342753|3064;-8336;-8284|882;107;-11442|16.529999
180|342754|3188;-8216;-8444|754;338;-11364|16.529999
181|342755|3384;-8492;-8428|628;577;-11286|16.529999
182|342757|3284;-8632;-8556|478;810;-11199|16.529999
183|342758|3912;-9464;-8352|51;1481;-10897|16.435881
184|342759|5784;-10680;-8164|-338;2069;-10425|16.529999
185|342760|9132;-11444;-8104|-904;3008;-9502|16.529999
186|342762|12236;-11372;-8148|-1642;4430;-8441|16.529999
187|342763|8120;-12284;-8336|-2877;6905;-7081|16.529999
188|342792|3068;-9572;-5064|-19969;15137;-4314|16.529999
189|342793|2548;-8336;-5048|-20506;14831;-4603|16.529999
190|342794|2332;-7712;-5052|-20897;14568;-4752|16.624117
191|342795|2288;-7312;-5044|-21314;14218;-4904|16.624117
192|342797|2132;-7100;-4968|-21733;13810;-5049|16.529999
193|342798|1920;-6680;-5460|-22583;12840;-5286|16.435881
194|342799|1972;-6584;-5448|-22976;12345;-5420|16.529999
195|342800|2020;-6536;-5580|-23370;11832;-5513|16.529999
196|342802|2056;-6352;-5640|-23756;11273;-5584|16.529999
197|342829|6904;-5948;-12328|-28090;-2279;-3229|16.529999
198|342830|7008;-6012;-12500|-28041;-2474;-2912|16.529999
199|342831|7232;-6128;-12836|-27867;-2802;-2199|16.435881
200|342832|7644;-6060;-12912|-27760;-2871;-1866|16.529999
201|342834|7940;-6088;-13032|-27634;-2900;-1474|16.624117
202|342835|8080;-6116;-13088|-27467;-2885;-1091|16.624117
203|342836|8672;-6132;-13272|-27135;-2655;-235|16.529999
204|342837|8948;-6044;-13396|-26951;-2483;197|16.529999
205|342839|9300;-5896;-13324|-26732;-2206;651|16.529999
206|342867|6824;-1804;-14144|-21029;9761;11138|16.529999
207|342869|5980;-1716;-14404|-20900;9892;11338|16.529999
208|342870|6032;-1508;-14364|-20773;10060;11379|16.624117
209|342871|4804;-1496;-14760|-20567;10215;11610|16.529999
210|342872|4048;-1412;-14940|-20452;10130;11704|16.529999
211|342874|3408;-1396;-15264|-20336;9910;11555|16.529999
212|342875|2700;-1364;-15476|-20224;9654;11479|16.529999
213|342876|1268;-1260;-16084|-20011;8884;11554|16.529999
214|342877|380;-1168;-16480|-19863;8344;11329|16.529999
215|342904|2664;-3080;-24336|-14297;232;7230|16.624117
216|342905|2488;-2972;-24532|-13894;364;7138|16.624117
217|342907|2308;-2712;-24572|-13480;486;7071|16.529999
218|342908|1964;-2224;-24636|-12637;613;6881|16.529999
219|342909|1972;-1920;-24580|-12219;601;6847|16.435881
220|342910|1808;-1592;-24560|-11816;550;6790|16.529999
221|342912|1652;-1360;-24440|-11373;484;6686|16.529999
222|342913|1700;-836;-24248|-10439;307;6566|16.624117
223|342914|1696;-588;-24212|-9987;175;6531|16.529999
224|342915|1688;-364;-24148|-9546;22;6465|16.624117
225|342944|2104;-360;-21600|2980;-3469;7109|16.624117
226|342945|2100;-464;-21392|3307;-3699;7119|16.529999
227|342947|2160;-548;-21216|3631;-3902;7115|16.529999
228|342948|2040;-728;-20772|4265;-4433;7070|16.529999
229|342949|1828;-1048;-20592|4551;-4704;7057|16.529999
230|342950|1700;-1080;-20364|4835;-5005;7082|16.624117
231|342952|1752;-1260;-20016|5087;-5314;7069|16.624117
232|342953|1676;-1488;-19492|5609;-5937;7026|16.624117
233|342954|1820;-1684;-19180|5848;-6235;7025|16.624117
234|342981|2504;692;-9076|5464;-11441;7994|16.529999
235|342982|2316;916;-8656|4978;-11302;8129|16.624117
236|342984|2652;1204;-8116|4496;-11096;8309|16.529999
237|342985|3168;1924;-7168|3318;-10550;8619|16.624117
238|342986|3144;1816;-6812|2695;-10211;8773|16.435881
239|342987|2620;1684;-6532|2072;-9951;8975|16.529999
240|342989|2316;1836;-6536|1406;-9758;9205|16.529999
241|342990|2292;2120;-6200|13;-9270;9564|16.529999
242|342991|2048;2004;-5860|-718;-9042;9727|16.529999
243|342992|1752;1932;-5584|-1436;-8797;9904|16.529999
244|343021|-4800;1040;-12188|-15901;-3962;9434|16.435881
245|343022|-4528;1068;-12260|-16014;-3752;9263|16.529999
246|343024|-4608;1116;-12844|-16155;-3513;9090|16.529999
247|343025|-4940;1196;-13576|-16320;-3150;8763|16.624117
248|343026|-5072;1172;-13772|-16345;-2976;8584|16.624117
249|343027|-5024;1248;-13948|-16360;-2771;8342|16.529999
250|343029|-5376;1192;-14388|-16381;-2591;8163|16.529999
251|343030|-5828;1280;-15116|-16358;-2301;7706|16.529999
252|343031|-5508;1356;-15140|-16292;-2163;7493|16.529999
253|343058|-4364;1220;-17508|-13144;49;2165|16.529999
254|343059|-5508;1508;-18432|-13095;29;2072|16.529999
255|343060|-6064;1000;-18100|-12917;-356;2028|16.624117
256|343062|-4484;1748;-17416|-12808;130;1790|16.435881
257|343063|-5396;1664;-18056|-12791;45;1680|16.529999
258|343064|-4980;1684;-17632|-12699;-188;1629|16.529999
259|343065|-3840;1892;-17200|-12656;-159;1572|16.529999
260|343067|-4060;2032;-17172|-12635;10;1484|16.529999
261|343068|-4676;1908;-17420|-12572;-220;1406|16.529999
262|343097|-4652;7428;-19412|-17016;-4187;-357|16.529999
263|343098|-4908;7592;-20880|-18112;-4460;-413|16.529999
264|343099|-5036;7140;-21020|-18988;-4831;-489|16.529999
265|343100|-4480;5812;-19796|-19416;-5102;-580|16.529999
266|343102|-4200;4164;-19028|-18928;-5069;-734|16.529999
267|343103|-4020;4156;-18372|-18562;-5025;-809|16.529999
268|343104|-3892;4184;-18128|-18210;-4932;-954|16.529999
269|343105|-3368;3368;-18124|-17651;-4624;-1083|16.529999
270|343107|-3832;2080;-17128|-16686;-4338;-1185|16.624117
271|343134|-2712;3560;-18404|-8451;994;-3652|16.529999
272|343135|-1892;3800;-18100|-8154;1457;-3728|16.529999
273|343136|-1992;3836;-17924|-7989;1688;-3777|16.529999
274|343137|-1636;3800;-17292|-7714;1967;-3788|16.529999
275|343139|-2072;4696;-17852|-7583;2063;-3862|16.529999
276|343140|-452;4788;-16088|-7369;2122;-3848|16.529999
277|343141|-348;5240;-16328|-7288;2626;-3857|16.624117
278|343142|-1412;5308;-17412|-7277;2733;-3927|16.529999
279|343144|-1432;4280;-16880|-7150;2721;-3932|16.624117
280|343172|3256;2804;-18048|-5142;4943;-1677|16.529999
281|343174|3308;2404;-18164|-4951;4771;-1319|16.529999
282|343175|3448;2468;-18028|-4882;4686;-1157|16.529999
283|343176|3980;2300;-18068|-4786;4651;-990|16.624117
284|343177|4004;1808;-18252|-4679;4659;-805|16.435881
285|343179|3692;1340;-18632|-4525;4623;-663|16.529999
286|343180|3880;1048;-18988|-4206;4394;-270|16.529999
287|343181|3960;1136;-18944|-4038;4329;-101|16.529999
288|343182|3756;1688;-18744|-3906;4205;57|16.529999
289|343183|4020;1896;-18500|-3840;4099;221|16.529999
290|343210|-644;2812;-18968|-2173;-1672;91|16.529999
291|343212|-1008;2744;-18812|-1969;-1821;-160|16.529999
292|343213|-1100;3068;-18584|-1891;-1871;-281|16.529999
293|343214|-1032;3280;-18364|-1848;-1853;-415|16.529999
294|343215|-1136;3148;-18264|-1808;-1814;-526|16.435881
295|343217|-1536;2884;-18420|-1633;-1782;-824|16.529999
296|343218|-1476;2928;-18384|-1557;-1762;-960|16.529999
297|343219|-1420;2848;-18296|-1485;-1687;-1109|16.529999
298|343220|-1608;2868;-18348|-1399;-1614;-1242|16.624117
299|343249|1260;2192;-18352|300;4;-3850|16.435881
300|343250|1516;2056;-18408|345;61;-3791|16.529999
301|343252|1784;2016;-18412|425;173;-3630|16.529999
302|343253|1976;1952;-18468|469;203;-3546|16.529999
303|343254|1892;1964;-18376|503;260;-3454|16.435881
304|343255|1976;2016;-18356|525;325;-3347|16.435881
305|343257|2048;2208;-18116|580;383;-3194|16.529999
306|343258|2040;2220;-18172|601;401;-3073|16.529999
307|343259|2128;2172;-18128|629;453;-2971|16.529999
308|343260|2088;2108;-18100|640;505;-2889|16.529999
309|343288|1016;1432;-16712|57;803;-1479|16.624117
310|343289|1124;1564;-16716|37;838;-1398|16.529999
311|343290|1076;1584;-16636|0;881;-1325|16.624117
312|343292|960;1668;-16788|-69;998;-1262|16.529999
313|343293|868;1716;-16772|-86;1045;-1198|16.529999
314|343294|848;1708;-16708|-97;1154;-1146|16.529999
315|343295|772;1852;-16788|-113;1226;-1114|16.435881
316|343297|768;1848;-16892|-174;1336;-1009|16.435881
317|343298|696;1764;-16864|-173;1413;-975|16.529999
318|343299|648;1816;-16960|-176;1489;-949|16.529999
319|343326|-268;1604;-17492|-316;1247;-1663|16.529999
320|343327|-148;1752;-17468|-329;1172;-1743|16.435881
321|343328|-180;1860;-17452|-332;990;-1859|16.529999
322|343330|-64;1888;-17444|-361;874;-1921|16.529999
323|343331|-16;1948;-17400|-373;762;-1965|16.529999
324|343332|256;2080;-17368|-358;674;-2037|16.529999
325|343333|436;2020;-17468|-353;584;-2069|16.529999
326|343335|568;2024;-17480|-350;371;-2153|16.529999
327|343336|800;1948;-17348|-372;259;-2185|16.529999
328|343365|4044;1700;-17112|577;-446;194|16.529999
329|343366|3972;1692;-17008|556;-362;327|16.435881
330|343367|3844;1616;-16916|528;-294;488|16.529999
331|343368|3772;1644;-16648|474;-191;812|16.529999
332|343370|3668;1528;-16444|385;-108;929|16.624117
333|343371|3540;1440;-16428|341;-53;1034|16.529999
334|343372|3360;1304;-16456|302;-8;1153|16.718235
335|343373|3236;1288;-16480|273;29;1278|16.529999
336|343375|2936;1348;-16348|231;120;1479|16.435881
337|343376|2660;1392;-16324|185;132;1594|16.529999
338|343403|-896;1812;-17628|-625;-458;824|16.529999
339|343404|-812;1728;-17772|-601;-505;757|16.529999
340|343405|-708;1660;-17796|-568;-484;689|16.435881
341|343407|-676;1900;-17936|-548;-405;569|16.529999
342|343408|-616;1880;-17784|-517;-410;521|16.435881
343|343409|-684;1784;-17816|-479;-400;421|16.529999
344|343410|-684;1820;-17876|-448;-367;345|16.435881
345|343411|-580;1768;-17792|-422;-292;292|16.624117
346|343413|-464;1828;-17644|-392;-266;244|16.529999
347|343414|-412;1808;-17680|-383;-232;173|16.529999
348|343443|372;1276;-17204|-327;565;-405|16.624117
349|343444|432;1304;-17176|-299;563;-439|16.624117
350|343445|340;1176;-17220|-314;545;-495|16.435881
351|343446|516;1388;-17300|-309;472;-604|16.529999
352|343448|496;1368;-17436|-285;405;-606|16.529999
353|343449|692;1312;-17368|-258;355;-624|16.529999
354|343450|760;1320;-17332|-246;292;-646|16.529999
355|343451|992;1380;-17576|-233;151;-666|16.529999
356|343453|1076;1316;-17640|-175;92;-717|16.529999
357|343454|1120;1236;-17708|-141;27;-749|16.529999
358|343481|2740;1332;-17096|561;-995;956|16.529999
359|343482|2676;1404;-16912|556;-987;1071|16.529999
360|343483|2496;1280;-16728|468;-985;1254|16.529999
361|343485|2248;1276;-16732|445;-973;1342|16.529999
362|343486|2164;1244;-16684|438;-945;1414|16.435881
363|343487|1980;1148;-16464|392;-944;1459|16.529999
364|343488|1836;1128;-16456|361;-919;1501|16.435881
365|343489|1408;1184;-16356|274;-846;1600|16.529999
366|343491|1212;1108;-16228|259;-814;1644|16.624117
367|343492|1036;1168;-16104|209;-794;1662|16.624117
368|343521|-1704;1472;-17372|-785;14;-483|16.529999
369|343522|-1576;1552;-17216|-764;25;-597|16.529999
370|343523|-1316;1488;-17344|-779;35;-787|16.529999
371|343524|-1244;1384;-17508|-767;43;-871|16.435881
372|343526|-1096;1408;-17564|-751;48;-953|16.529999
373|343527|-952;1460;-17584|-697;37;-1066|16.624117
374|343528|-940;1440;-17696|-675;26;-1137|16.529999
375|343529|-796;1352;-17528|-646;-25;-1242|16.529999
376|343531|-592;1324;-17580|-633;-42;-1292|16.529999
377|343532|-456;1376;-17672|-598;-57;-1338|16.529999
378|343559|1944;996;-16876|-283;-281;-1221|16.529999
379|343560|1964;928;-16856|-294;-278;-1173|16.435881
380|343561|2064;1088;-16804|-312;-250;-1102|16.529999
381|343563|2128;1148;-16788|-308;-255;-1030|16.529999
382|343564|2108;992;-16916|-327;-257;-966|16.529999
383|343565|2072;1024;-16736|-365;-252;-915|16.529999
384|343566|2024;1060;-16800|-406;-243;-817|16.529999
385|343568|1940;1064;-16824|-421;-237;-780|16.435881
386|343569|1928;1044;-16896|-455;-230;-725|16.529999
387|343570|1904;1228;-16944|-474;-244;-681|16.529999
388|343599|112;1488;-17984|-555;-1611;-795|16.529999
389|343600|164;1592;-17984|-531;-1652;-837|16.435881
390|343601|56;1548;-18144|-458;-1724;-911|16.435881
391|343603|88;1584;-18196|-466;-1774;-934|16.529999
392|343604|140;1492;-18104|-460;-1796;-957|16.529999
393|343605|76;1504;-18060|-420;-1827;-981|16.529999
394|343606|96;1560;-17952|-390;-1867;-1012|16.529999
395|343607|136;1640;-18076|-383;-1891;-1035|16.529999
396|343609|32;1624;-18136|-384;-1914;-1058|16.435881
397|343636|260;1428;-16908|-869;-1070;-1082|16.529999
398|343637|244;1436;-16988|-928;-1057;-1111|16.624117
399|343638|436;1308;-17048|-981;-1028;-1084|16.529999
400|343639|404;1260;-16932|-1022;-1000;-1091|16.529999
401|343641|528;1308;-17064|-1056;-986;-1114|16.529999
402|343642|692;1400;-17032|-1067;-1002;-1087|16.529999
403|343643|604;1372;-17088|-1094;-994;-1053|16.529999
404|343644|744;1444;-17244|-1143;-994;-1038|16.435881
405|343646|748;1372;-17228|-1163;-1006;-1032|16.529999
406|343647|692;1364;-17204|-1187;-1014;-1012|16.529999
407|343676|1000;1756;-18560|-460;-1066;-228|16.529999
408|343677|1076;1864;-18524|-410;-1004;-185|16.529999
409|343678|1036;1848;-18524|-364;-971;-142|16.624117
410|343679|1072;1612;-18548|-262;-813;-12|16.529999
411|343681|1152;1536;-18424|-223;-722;38|16.624117
412|343682|1032;1624;-18452|-167;-674;99|16.435881
413|343683|1068;1900;-18360|-132;-634;163|16.529999
414|343684|952;1940;-18048|-96;-473;260|16.529999
415|343686|748;1796;-18044|-57;-399;299|16.529999
416|343713|-1128;1816;-17572|120;-171;-129|16.529999
417|343714|-1116;1860;-17552|128;-188;-197|16.435881
418|343715|-1096;1864;-17460|96;-197;-284|16.624117
419|343716|-1056;1852;-17576|93;-248;-431|16.624117
420|343717|-1104;1916;-17640|91;-260;-446|16.435881
421|343719|-1008;1816;-17664|101;-256;-496|16.624117
422|343720|-944;1752;-17840|95;-247;-542|16.529999
423|343721|-828;1804;-17764|109;-212;-575|16.529999
424|343722|-788;1772;-17832|145;-194;-640|16.529999
425|343724|-672;1856;-17916|146;-169;-685|16.624117
426|343753|-396;1380;-16768|-118;-146;-978|16.624117
427|343754|-500;1416;-16720|-132;-163;-1061|16.435881
428|343756|-456;1364;-16736|-173;-160;-1112|16.529999
429|343757|-476;1372;-16768|-205;-149;-1125|16.529999
430|343758|-456;1340;-16832|-224;-157;-1122|16.435881
431|343759|-448;1428;-16720|-280;-172;-1157|16.529999
432|343760|-424;1404;-16748|-309;-173;-1195|16.529999
433|343762|-384;1432;-16744|-347;-169;-1237|16.624117
434|343763|-356;1380;-16868|-359;-187;-1268|16.529999
435|343764|-220;1552;-16880|-391;-105;-1317|16.529999
436|343791|1144;1544;-17260|-426;499;-783|16.624117
437|343792|1272;1488;-17372|-417;471;-760|16.624117
438|343794|1320;1488;-17320|-430;458;-731|16.529999
439|343795|1220;1492;-17360|-436;446;-677|16.624117
440|343796|1392;1508;-17532|-360;418;-567|16.529999
441|343797|1380;1452;-17496|-333;402;-548|16.529999
442|343799|1312;1544;-17572|-325;370;-499|16.529999
443|343800|1368;1572;-17548|-325;361;-464|16.529999
444|343801|1368;1496;-17660|-270;288;-430|16.529999
445|343802|1400;1528;-17728|-271;268;-420|16.529999
446|343831|968;1592;-17676|324;-279;367|16.529999
447|343832|884;1600;-17716|329;-291;364|16.529999
448|343834|752;1576;-17736|356;-305;372|16.624117
449|343835|848;1604;-17604|369;-301;400|16.529999
450|343836|584;1544;-17668|395;-290;443|16.529999
451|343837|632;1552;-17648|420;-312;470|16.529999
452|343839|540;1568;-17608|426;-321;488|16.529999
453|343840|552;1568;-17608|416;-319;489|16.529999
454|343841|388;1600;-17700|426;-310;504|16.529999
455|343842|376;1664;-17700|461;-308;482|16.624117
456|343869|-676;1428;-17144|226;-484;-270|16.435881
457|343870|-740;1420;-17028|201;-514;-331|16.435881
458|343872|-776;1428;-17020|192;-519;-378|16.529999
459|343873|-788;1276;-17104|165;-526;-417|16.529999
460|343874|-604;1376;-17004|131;-486;-476|16.529999
461|343875|-516;1320;-17068|91;-474;-547|16.529999
462|343877|-508;1260;-17036|59;-491;-610|16.624117
463|343878|-484;1324;-17016|36;-488;-640|16.529999
464|343879|-324;1212;-17120|-34;-467;-678|16.529999
465|343880|-208;1256;-17008|-64;-449;-698|16.624117
466|343909|960;1232;-17696|-264;-195;-106|16.529999
467|343910|952;1256;-17752|-249;-207;-93|16.529999
468|343912|960;1360;-17820|-242;-198;-73|16.529999
469|343913|1032;1304;-18004|-222;-194;-61|16.529999
470|343914|1000;1320;-17892|-152;-224;-9|16.435881
471|343915|972;1292;-17948|-147;-188;7|16.529999
472|343917|1052;1312;-17936|-150;-187;41|16.435881
473|343918|1156;1260;-17920|-131;-188;73|16.529999
474|343919|1176;1356;-17888|-90;-191;121|16.529999
475|343920|1204;1368;-17844|-74;-201;132|16.529999
476|343947|188;1288;-17464|-133;-1225;448|16.529999
477|343949|224;1368;-17476|-146;-1268;395|16.624117
478|343950|408;1376;-17468|-140;-1272;380|16.529999
479|343951|168;1168;-17428|-165;-1400;357|16.529999
480|343952|-36;1316;-17416|-174;-1439;283|16.529999
481|343953|140;1288;-17456|-188;-1450;269|16.529999
482|343955|92;1240;-17436|-218;-1464;269|16.529999
483|343956|104;1284;-17412|-260;-1490;251|16.529999
484|343957|32;1328;-17420|-291;-1528;179|16.529999
485|343958|56;1304;-17304|-279;-1525;155|16.624117
486|343987|-180;1900;-18100|-453;-550;10|16.529999
487|343988|-180;1836;-18048|-418;-504;-19|16.624117
488|343990|-280;1876;-18080|-392;-460;-16|16.529999
489|343991|-296;1868;-18136|-306;-345;-19|16.624117
490|343992|-396;1892;-18284|-289;-271;-52|16.624117
491|343993|-428;1852;-18396|-233;-215;-63|16.624117
492|343995|-388;1856;-18388|-195;-168;-64|16.529999
493|343996|-320;1812;-18472|-121;-92;-61|16.529999
494|343997|-356;1788;-18464|-42;51;-102|16.624117
495|343998|-336;1716;-18480|-21;99;-93|16.435881
496|344025|84;1376;-17348|-6;857;28|16.529999
497|344027|120;1384;-17268|-4;845;26|16.529999
498|344028|4;1356;-17220|-15;843;22|16.529999
499|344029|4;1260;-17364|-8;805;-13|16.624117
500|344030|72;1216;-17268|-38;763;-30|16.529999
501|344032|24;1040;-17164|-36;722;-59|16.529999
502|344033|188;1164;-17200|-56;705;-80|16.529999
503|344034|132;1196;-17112|-105;688;-133|16.529999
504|344035|236;1072;-17052|-123;644;-184|16.529999
505|344036|324;1056;-17008|-142;621;-164|16.624117
506|344065|1388;1212;-17160|-766;-196;500|16.529999
507|344066|1416;1296;-17136|-767;-235;530|16.529999
508|344068|1420;1316;-16956|-759;-268;555|16.624117
509|344069|1212;1352;-17076|-751;-387;581|16.529999
510|344070|1144;1356;-17048|-745;-430;617|16.435881
511|344071|1104;1276;-17060|-736;-473;644|16.529999
512|344073|1020;1308;-17132|-732;-517;662|16.624117
513|344074|880;1236;-17120|-776;-625;680|16.529999
514|344075|852;1224;-17036|-756;-679;676|16.529999
515|344076|724;1320;-17172|-750;-731;678|16.529999
516|344103|-492;1520;-17188|-1109;-928;385|16.529999
517|344105|-560;1624;-17348|-1110;-910;351|16.529999
518|344106|-724;1600;-17532|-1105;-816;319|16.529999
519|344107|-696;1632;-17576|-1083;-755;333|16.529999
520|344108|-656;1724;-17716|-1060;-711;325|16.529999
521|344110|-772;1704;-17796|-1035;-676;310|16.624117
522|344111|-836;1720;-17832|-1016;-633;282|16.529999
523|344112|-776;1732;-17940|-969;-543;218|16.624117
524|344113|-832;1796;-18028|-935;-502;227|16.624117
525|344114|-808;1912;-18020|-904;-443;200|16.435881
526|344143|1088;1928;-17704|179;-258;183|16.624117
527|344145|1532;2080;-17580|165;-248;192|16.529999
528|344146|1160;1984;-17632|147;-270;220|16.529999
529|344147|1104;1452;-17304|195;-424;264|16.529999
530|344148|1252;1340;-17312|205;-446;293|16.435881
531|344149|1080;1380;-17388|216;-496;339|16.529999
532|344151|1172;1460;-17324|212;-577;360|16.529999
533|344152|1092;1236;-17336|166;-619;396|16.529999
534|344153|972;1128;-17292|152;-655;388|16.529999
535|344154|960;1108;-17216|140;-704;398|16.529999
536|344181|-876;1720;-17460|40;-789;-68|16.529999
537|344183|-856;1628;-17472|9;-777;-118|16.435881
538|344184|-784;1296;-17568|2;-761;-213|16.529999
539|344185|-564;1332;-17396|19;-712;-213|16.529999
540|344186|-336;1492;-17404|0;-683;-212|16.529999
541|344188|-228;1584;-17372|-5;-658;-203|16.435881
542|344189|-264;1480;-17260|-16;-660;-244|16.624117
543|344190|-188;1420;-17168|-26;-661;-252|16.529999
544|344191|-72;1476;-17176|-25;-637;-258|16.624117
545|344193|44;1528;-17148|-28;-592;-266|16.529999
546|344221|756;1224;-17264|-537;-1127;41|16.529999
547|344223|756;1204;-17268|-557;-1147;96|16.435881
548|344224|708;1128;-17336|-594;-1195;128|16.529999
549|344225|728;1188;-17296|-628;-1169;144|16.529999
550|344226|744;1240;-17216|-618;-1162;177|16.529999
551|344228|660;1300;-17368|-593;-1173;242|16.435881
552|344229|576;1252;-17500|-624;-1146;276|16.435881
553|344230|524;1336;-17340|-647;-1129;318|16.529999
554|344231|472;1424;-17364|-641;-1119;339|16.529999
555|344232|424;1420;-17324|-623;-1094;358|16.529999
556|344259|-616;1520;-17280|-658;-171;110|16.529999
557|344261|-640;1640;-17332|-651;-172;76|16.529999
558|344262|-716;1552;-17252|-670;-200;33|16.624117
559|344263|-680;1712;-17268|-697;-190;4|16.529999
560|344264|-504;1544;-17396|-722;-159;-34|16.624117
561|344266|-536;1492;-17440|-722;-176;-96|16.624117
562|344267|-392;1648;-17300|-706;-201;-133|16.529999
563|344268|-380;1596;-17388|-712;-216;-152|16.435881
564|344269|-336;1608;-17512|-716;-218;-203|16.529999
565|344271|-352;1632;-17468|-707;-234;-248|16.529999
566|344299|344;1620;-18028|-470;-836;-357|16.435881
567|344301|280;1624;-17956|-480;-864;-319|16.529999
568|344302|228;1540;-18076|-464;-841;-309|16.529999
569|344303|132;1532;-18224|-429;-845;-296|16.529999
570|344304|68;1572;-18304|-413;-829;-290|16.435881
571|344306|100;1624;-18268|-387;-819;-280|16.529999
572|344307|-20;1652;-18200|-324;-832;-254|16.529999
573|344308|-96;1608;-18312|-325;-807;-245|16.624117
574|344309|-92;1608;-18256|-306;-795;-231|16.529999
575|344311|-140;1708;-18220|-297;-796;-219|16.529999
576|344338|-124;1592;-17404|7;-127;-342|16.529999
577|344339|112;1556;-17352|-17;-51;-364|16.529999
578|344340|164;1584;-17340|-25;-48;-326|16.624117
579|344341|140;1472;-17404|-22;-18;-294|16.529999
580|344342|264;1452;-17472|-25;15;-261|16.624117
581|344344|324;1552;-17392|-58;70;-220|16.529999
582|344345|236;1500;-17440|-60;95;-215|16.624117
583|344346|344;1568;-17284|-71;100;-200|16.624117
584|344347|376;1536;-17312|-83;89;-169|16.529999
585|344349|436;1500;-17424|-83;98;-136|16.529999
586|344377|-424;1580;-17296|-329;-658;63|16.529999
587|344379|-592;1512;-17068|-358;-680;35|16.529999
588|344380|-612;1576;-17264|-382;-670;5|16.624117
589|344381|-616;1628;-17308|-391;-677;-9|16.529999
590|344382|-720;1548;-17228|-406;-665;-4|16.529999
591|344384|-776;1552;-17116|-426;-628;-44|16.529999
592|344385|-764;1556;-17100|-454;-515;-84|16.529999
593|344386|-768;1596;-17152|-469;-506;-96|16.529999
594|344387|-836;1636;-17120|-480;-455;-110|16.435881
595|344389|-836;1648;-17188|-470;-444;-137|16.529999
596|344416|248;1800;-17840|-181;462;-78|16.529999
597|344417|164;1808;-18024|-113;481;-102|16.624117
598|344418|328;1804;-18068|-91;472;-74|16.624117
599|344419|360;1836;-18052|-82;425;-39|16.435881
600|344421|340;1916;-18084|-45;405;-41|16.529999
601|344422|332;1884;-17996|21;367;-40|16.624117
602|344423|392;1968;-18012|51;355;-36|16.529999
603|344424|372;1956;-17948|76;330;-16|16.624117
604|344425|496;1836;-18096|88;306;-13|16.624117
605|344427|556;1908;-17944|161;217;-1|16.529999
606|344455|216;1324;-16684|131;-228;566|16.529999
607|344457|180;1324;-16700|67;-199;602|16.529999
608|344458|132;1260;-16672|39;-175;599|16.529999
609|344459|136;1252;-16564|32;-138;616|16.529999
610|344460|92;1308;-16588|-1;-136;612|16.624117
611|344462|-32;1288;-16588|-59;-84;595|16.529999
612|344463|-64;1292;-16608|-97;-23;656|16.624117
613|344464|-28;1328;-16588|-115;9;699|16.529999
614|344465|-68;1300;-16572|-147;34;693|16.435881
615|344467|-88;1320;-16656|-194;98;704|16.529999
616|344468|-220;1336;-16660|-222;123;681|16.529999
617|344495|60;1428;-17628|-340;3;519|16.529999
618|344496|56;1476;-17600|-338;-47;517|16.435881
619|344497|-52;1504;-17684|-325;-103;490|16.624117
620|344499|-16;1520;-17568|-284;-122;476|16.529999
621|344500|-8;1556;-17600|-259;-221;476|16.529999
622|344501|-32;1540;-17676|-249;-274;429|16.529999
623|344502|-40;1472;-17648|-215;-273;423|16.529999
624|344503|-48;1520;-17600|-187;-297;428|16.624117
625|344505|-80;1468;-17628|-171;-377;421|16.624117
626|344506|84;1388;-17512|-146;-389;410|16.529999
627|344534|-492;1180;-16400|-533;61;400|16.529999
628|344535|-400;1264;-16292|-583;80;389|16.529999
629|344537|-512;1288;-16396|-646;137;350|16.529999
630|344538|-540;1208;-16528|-679;184;331|16.529999
631|344539|-500;1264;-16624|-697;215;305|16.529999
632|344540|-436;1276;-16676|-713;240;285|16.529999
633|344542|-388;1320;-16556|-757;288;249|16.529999
634|344543|-368;1356;-16780|-768;295;261|16.529999
635|344544|-360;1356;-16888|-796;327;275|16.435881
636|344545|-356;1420;-16916|-808;326;238|16.529999
637|344574|540;1716;-17932|-437;170;460|16.529999
638|344575|476;1772;-17948|-427;134;475|16.529999
639|344577|404;1708;-17888|-423;90;483|16.529999
640|344578|368;1756;-17860|-385;42;510|16.624117
641|344579|332;1688;-17824|-352;-7;514|16.529999
642|344580|360;1736;-17964|-339;-30;512|16.529999
643|344582|188;1704;-17948|-308;-69;502|16.529999
644|344583|216;1620;-17916|-297;-89;488|16.624117
645|344584|84;1564;-18004|-263;-138;491|16.624117
646|344585|60;1584;-17864|-227;-147;516|16.529999
647|344612|-72;1744;-17240|-171;539;308|16.529999
648|344613|-52;1704;-17220|-176;564;307|16.529999
649|344615|-76;1648;-17180|-199;605;241|16.529999
650|344616|-112;1728;-17252|-209;602;245|16.624117
651|344617|16;1696;-17152|-224;594;249|16.529999
652|344618|124;1628;-17164|-216;613;236|16.435881
653|344620|108;1664;-17224|-265;671;208|16.529999
654|344621|120;1668;-17292|-276;674;203|16.529999
655|344622|164;1644;-17448|-284;658;239|16.529999
656|344623|180;1664;-17372|-310;633;239|16.529999
657|344625|284;1776;-17480|-321;602;215|16.624117
658|344653|352;1580;-17640|-229;-323;320|16.529999
659|344655|248;1520;-17528|-227;-352;301|16.529999
660|344656|236;1556;-17644|-240;-358;282|16.624117
661|344657|192;1504;-17688|-265;-365;297|16.529999
662|344658|200;1544;-17588|-269;-355;299|16.529999
663|344660|120;1608;-17576|-280;-371;304|16.529999
664|344661|52;1652;-17496|-278;-391;301|16.624117
665|344662|16;1724;-17504|-279;-409;290|16.529999
666|344663|-128;1748;-17492|-273;-393;267|16.529999
667|344665|20;1812;-17576|-265;-363;270|16.529999
668|344691|-116;1812;-17724|-207;-97;-131|16.529999
669|344693|-160;1760;-17716|-190;-93;-141|16.624117
670|344694|-104;1724;-17796|-202;-92;-149|16.529999
671|344695|-56;1712;-17844|-235;-82;-149|16.529999
672|344696|-44;1784;-17768|-202;-39;-173|16.529999
673|344698|-56;1764;-17740|-196;-32;-163|16.529999
674|344699|24;1796;-17640|-180;-21;-158|16.529999
675|344700|156;1824;-17760|-177;15;-191|16.529999
676|344701|188;1748;-17676|-173;27;-207|16.529999
677|344703|220;1704;-17904|-177;39;-139|16.624117
678|344731|756;1568;-17824|-88;-260;301|16.529999
679|344733|748;1552;-17768|-71;-273;319|16.529999
680|344734|648;1616;-17880|-71;-294;333|16.624117
681|344735|640;1592;-17776|-90;-315;357|16.435881
682|344736|632;1656;-17768|-116;-291;407|16.529999
683|344738|488;1588;-17812|-115;-300;423|16.529999
684|344739|352;1580;-17668|-92;-319;410|16.529999
685|344740|284;1664;-17732|-106;-344;402|16.624117
686|344741|216;1688;-17780|-112;-346;432|16.529999
687|344743|116;1672;-17796|-105;-376;445|16.624117
688|344770|40;1848;-17688|45;-67;-35|16.529999
689|344771|40;1896;-17760|61;-61;-67|16.529999
690|344772|124;1892;-17724|50;-70;-63|16.529999
691|344773|176;1820;-17596|48;-85;-68|16.529999
692|344774|420;1852;-17596|33;-111;-95|16.624117
693|344776|424;1796;-17644|29;-137;-103|16.529999
694|344777|480;1724;-17688|29;-127;-94|16.529999
695|344778|656;1788;-17656|23;-148;-56|16.529999
696|344779|628;1844;-17640|-7;-189;-70|16.529999
697|344781|676;1808;-17660|-19;-217;-45|16.529999
698|344809|184;1632;-17684|-29;-980;450|16.529999
699|344811|72;1576;-17736|-26;-986;468|16.624117
700|344812|52;1560;-17632|-28;-1003;469|16.529999
701|344813|-28;1568;-17656|-44;-965;469|16.529999
702|344814|-228;1676;-17732|-46;-929;461|16.529999
703|344816|-312;1660;-17680|-30;-911;433|16.624117
704|344817|-380;1616;-17876|-9;-868;432|16.529999
705|344818|-484;1688;-17728|-31;-827;427|16.529999
706|344819|-604;1728;-17740|-35;-770;428|16.529999
707|344821|-620;1744;-17672|-23;-757;432|16.624117
708|344822|-640;1696;-17616|-19;-705;397|16.529999
709|344849|-700;1636;-17428|25;207;-343|16.529999
710|344850|-540;1564;-17400|29;199;-352|16.624117
711|344851|-408;1520;-17376|30;202;-376|16.624117
712|344853|-380;1552;-17440|37;207;-387|16.624117
713|344854|-300;1532;-17428|38;199;-428|16.529999
714|344855|-280;1412;-17348|39;192;-435|16.435881
715|344856|-200;1496;-17324|42;214;-428|16.529999
716|344857|-164;1464;-17396|22;232;-440|16.529999
717|344859|-48;1428;-17356|29;222;-440|16.529999
718|344860|20;1424;-17340|43;217;-451|16.529999
719|344889|664;1620;-17356|10;282;-186|16.529999
720|344890|708;1684;-17448|0;235;-170|16.529999
721|344891|740;1648;-17472|13;224;-147|16.624117
722|344892|844;1632;-17376|25;184;-131|16.529999
723|344894|880;1724;-17216|43;169;-139|16.624117
724|344895|872;1752;-17240|50;139;-117|16.529999
725|344896|908;1620;-17268|41;91;-89|16.624117
726|344897|1048;1640;-17208|41;22;-73|16.529999
727|344899|1016;1656;-17228|46;-1;-86|16.529999
728|344900|1112;1680;-17280|42;-23;-64|16.529999
729|344927|512;1284;-17048|-332;-769;471|16.624117
730|344928|440;1340;-17160|-323;-788;481|16.529999
731|344929|364;1328;-17048|-354;-803;531|16.529999
732|344931|348;1348;-17020|-370;-811;506|16.624117
733|344932|240;1300;-17108|-394;-805;536|16.624117
734|344933|172;1392;-17212|-425;-803;536|16.529999
735|344934|92;1376;-17124|-471;-780;516|16.624117
736|344936|4;1444;-17100|-455;-771;521|16.529999
737|344937|-64;1540;-17180|-446;-785;541|16.529999
738|344938|-88;1532;-17196|-456;-765;565|16.529999
739|344967|-284;1820;-17316|-457;55;-2|16.529999
740|344968|-128;1828;-17244|-470;38;-33|16.529999
741|344969|-96;1648;-17348|-409;61;-63|16.624117
742|344970|-104;1680;-17344|-386;49;-75|16.529999
743|344972|-40;1600;-17408|-395;46;-110|16.529999
744|344973|100;1640;-17444|-416;48;-134|16.529999
745|344974|192;1688;-17316|-398;38;-83|16.624117
746|344975|328;1708;-17448|-382;28;-100|16.529999
747|344977|288;1676;-17316|-387;11;-135|16.529999
748|344978|396;1652;-17368|-399;-10;-143|16.624117
749|344979|456;1748;-17412|-371;-81;-99|16.529999
750|345006|896;1548;-17316|-259;-595;347|16.529999
751|345007|944;1556;-17304|-249;-581;380|16.624117
752|345009|856;1484;-17368|-228;-576;381|16.529999
753|345010|712;1468;-17296|-244;-588;407|16.529999
754|345011|668;1484;-17236|-246;-584;438|16.624117
755|345012|488;1420;-17044|-266;-573;499|16.624117
756|345014|568;1508;-16944|-260;-569;517|16.529999
757|345015|460;1372;-17080|-275;-543;510|16.624117
758|345016|468;1468;-17080|-286;-526;522|16.624117
759|345017|340;1420;-17132|-308;-486;523|16.624117
760|345046|-660;1908;-17640|-565;-370;241|16.529999
761|345047|-580;1824;-17672|-548;-328;235|16.529999
762|345049|-536;1856;-17848|-555;-317;172|16.529999
763|345050|-612;1880;-17900|-533;-312;132|16.529999
764|345051|-672;1904;-17852|-499;-319;123|16.529999
765|345052|-656;1832;-17860|-443;-279;32|16.624117
766|345053|-616;1908;-17792|-417;-285;6|16.529999
767|345055|-508;1788;-18072|-385;-278;-17|16.529999
768|345056|-532;1888;-18168|-355;-281;-18|16.624117
769|345057|-452;1988;-18132|-327;-260;-86|16.529999
770|345084|428;1652;-17836|189;-50;-158|16.624117
771|345085|436;1628;-17696|190;-62;-192|16.529999
772|345087|460;1564;-17640|194;-55;-174|16.529999
773|345088|500;1520;-17704|199;-59;-140|16.529999
774|345089|432;1496;-17640|206;-88;-100|16.529999
775|345090|516;1504;-17596|197;-82;-90|16.529999
776|345092|520;1528;-17584|194;-83;-97|16.529999
777|345093|548;1528;-17556|174;-91;-68|16.529999
778|345094|600;1460;-17432|156;-124;-83|16.529999
779|345095|540;1476;-17360|149;-130;-69|16.529999
780|345124|416;1644;-17456|-273;-436;259|16.529999
781|345125|384;1732;-17528|-258;-453;280|16.435881
782|345127|368;1784;-17608|-249;-460;297|16.435881
783|345128|380;1772;-17544|-252;-452;299|16.529999
784|345129|188;1776;-17748|-255;-433;245|16.529999
785|345130|272;1724;-17660|-228;-467;250|16.529999
786|345132|280;1708;-17688|-207;-454;276|16.529999
787|345133|204;1804;-17812|-212;-454;243|16.529999
788|345134|168;1780;-17744|-188;-445;222|16.529999
789|345135|168;1736;-17904|-177;-452;248|16.529999
790|345162|-12;1348;-17264|-38;-748;203|16.529999
791|345163|100;1324;-17168|-83;-775;230|16.529999
792|345165|-80;1376;-17192|-99;-802;230|16.529999
793|345166|-172;1392;-17108|-117;-839;217|16.624117
794|345167|-296;1380;-17072|-153;-894;186|16.435881
795|345168|-340;1228;-16932|-184;-904;164|16.529999
796|345170|-420;1232;-16920|-215;-921;136|16.529999
797|345171|-524;1388;-16908|-230;-945;110|16.624117
798|345172|-484;1316;-16960|-273;-975;42|16.624117
799|345173|-512;1408;-16820|-297;-981;9|16.529999
800|345202|-444;1956;-17628|-227;-548;-422|16.624117
801|345203|-332;1984;-17752|-205;-525;-436|16.624117
802|345205|-304;2000;-17680|-172;-502;-442|16.529999
803|345206|-356;1980;-17780|-156;-475;-441|16.624117
804|345207|-400;1996;-17684|-119;-523;-440|16.624117
805|345208|-292;1788;-17512|-92;-534;-469|16.529999
806|345210|-208;1560;-17524|-43;-526;-523|16.529999
807|345211|-172;1460;-17512|-11;-525;-526|16.435881
808|345212|92;496;-17736|-4;-578;-510|16.529999
809|345213|548;148;-17416|40;-539;-498|16.624117
810|345240|-2476;-13592;27200|20843;-6129;-10360|16.624117
811|345241|5296;-9960;29212|18411;-6604;-10075|16.624117
812|345243|3424;-9620;27968|16390;-6522;-10455|16.529999
813|345244|6060;-10596;28436|12933;-7152;-10187|16.529999
814|345245|11100;-11372;26436|10843;-7824;-9306|16.529999
815|345246|15332;-12644;23644|8947;-7636;-8696|16.529999
816|345248|16256;-13408;19016|7323;-7002;-7722|16.529999
817|345249|18132;-20532;13104|4750;-5244;-5260|16.341763
818|345250|16208;-21284;11448|3548;-4759;-4091|16.529999
819|345279|-15596;-15776;-19720|-5256;-764;3997|16.624117
820|345280|-6636;-6360;-12780|-5776;-1612;3470|16.529999
821|345281|-7164;684;-11264|-6448;-1210;2901|16.529999
822|345283|-10880;6616;-14592|-6630;-1320;2506|16.529999
823|345284|-6584;17620;-21304|-5695;-3056;1611|16.624117
824|345285|-4776;18900;-25480|-4847;-2428;1294|16.624117
825|345286|-6356;19608;-32372|-3677;-2034;1276|16.529999
826|345288|-12308;14984;-32768|-2382;-2552;890|16.624117
827|345289|8864;8064;-32768|-1216;-2372;897|16.624117
828|345316|-7112;-10252;-32768|-8651;1697;2789|16.529999
829|345317|-7152;-588;-31828|-7822;889;2548|16.624117
830|345318|-3300;6088;-25244|-7506;1062;2250|16.529999
831|345320|-2316;10400;-21008|-7381;2093;2144|16.529999
832|345321|-4392;14512;-16916|-6415;2775;1751|16.529999
833|345322|-4044;14752;-16400|-5843;3002;1520|16.529999
834|345323|-5096;13700;-17296|-5378;3357;1359|16.529999
835|345325|-6340;11828;-18912|-4889;3444;1037|16.529999
836|345326|-6512;7028;-23220|-4123;3294;449|16.624117
837|345355|1344;2572;-19684|2245;1616;-730|16.529999
838|345356|1480;2360;-19100|2419;1773;-566|16.435881
839|345357|1516;2184;-18848|2455;1872;-485|16.529999
840|345358|1536;2020;-18756|2529;1969;-419|16.529999
841|345360|1528;1776;-18696|2601;2053;-346|16.529999
842|345361|1524;1460;-18200|2669;2148;-193|16.529999
843|345362|1500;1372;-18120|2693;2198;-104|16.529999
844|345363|1468;1136;-17964|2715;2263;-16|16.529999
845|345365|1588;1144;-17744|2707;2320;55|16.529999
846|345366|1520;1100;-17244|2638;2387;139|16.529999
847|345393|352;424;-15680|1290;1374;165|16.529999
848|345394|592;952;-15992|1169;1331;162|16.529999
849|345395|456;1064;-15908|1112;1354;144|16.529999
850|345396|904;1100;-15888|1086;1376;95|16.529999
851|345398|832;724;-15984|1102;1370;89|16.435881
852|345399|832;284;-15956|1181;1344;83|16.624117
853|345400|724;188;-16300|1237;1302;64|16.529999
854|345401|1132;220;-16304|1272;1332;69|16.624117
855|345403|908;304;-16100|1246;1357;64|16.624117
856|345404|1068;228;-15876|1174;1361;71|16.529999
857|345433|-132;-244;-15776|-1024;1371;1053|16.529999
858|345434|-388;-208;-16000|-1090;1261;905|16.529999
859|345435|-412;-276;-15976|-1131;1200;860|16.529999
860|345436|-488;-288;-16076|-1166;1124;796|16.529999
861|345438|-536;-368;-16028|-1201;1051;718|16.624117
862|345439|-564;-380;-16172|-1257;839;587|16.624117
863|345440|-420;-452;-16156|-1265;698;555|16.624117
864|345441|-272;-336;-15952|-1290;615;527|16.529999
865|345443|-296;-180;-16020|-1318;550;529|16.435881
866|345444|-12;-156;-15792|-1419;432;458|16.529999
867|345471|408;552;-17724|-1553;432;6|16.529999
868|345472|364;588;-17880|-1516;460;21|16.529999
869|345473|576;520;-17896|-1513;484;25|16.529999
870|345475|364;512;-17996|-1506;504;29|16.529999
871|345476|476;568;-17940|-1449;548;42|16.529999
872|345477|252;580;-18060|-1427;531;61|16.529999
873|345478|524;676;-18024|-1424;534;53|16.624117
874|345479|368;720;-18048|-1406;561;63|16.624117
875|345481|500;628;-18136|-1327;550;74|16.624117
876|345482|100;612;-18312|-1309;543;61|16.624117
877|345511|848;852;-18212|-326;87;-116|16.529999
878|345512|856;824;-18164|-308;70;-98|16.529999
879|345513|836;880;-18116|-294;33;-103|16.529999
880|345514|956;776;-18052|-265;22;-81|16.624117
881|345516|1016;740;-17964|-230;6;-71|16.529999
882|345517|1004;756;-17828|-218;1;-39|16.529999
883|345518|992;740;-17876|-203;-34;6|16.624117
884|345519|992;736;-18016|-226;-77;25|16.624117
885|345521|904;684;-17744|-206;-86;83|16.624117
886|345522|1012;672;-17688|-185;-106;97|16.624117
887|345523|852;596;-17640|-190;-120;120|16.624117
888|345550|-180;536;-17280|-550;68;77|16.624117
889|345551|-172;456;-17284|-569;95;53|16.624117
890|345553|-92;472;-17264|-585;113;74|16.435881
891|345554|-288;628;-17404|-605;131;-16|16.529999
892|345555|-208;684;-17432|-603;138;-24|16.624117
893|345556|-252;728;-17276|-612;137;-34|16.529999
894|345557|-292;756;-17364|-633;154;-68|16.624117
895|345559|-200;700;-17424|-641;167;-87|16.529999
896|345560|-172;720;-17356|-659;171;-122|16.529999
897|345561|-264;732;-17368|-675;168;-162|16.624117
898|345590|524;936;-18136|-351;437;-181|16.529999
899|345591|452;1032;-18220|-350;458;-148|16.624117
900|345592|620;936;-18340|-317;477;-121|16.529999
901|345594|576;1020;-18232|-290;501;-93|16.624117
902|345595|612;932;-18280|-250;522;-89|16.529999
903|345596|564;944;-18300|-220;517;-86|16.529999
904|345597|616;880;-18324|-203;517;-69|16.529999
905|345599|624;916;-18304|-167;545;9|16.624117
906|345600|688;952;-18264|-166;542;-14|16.529999
907|345601|688;1008;-18284|-148;563;-14|16.624117
908|345602|652;1048;-18224|-105;551;18|16.624117
909|345629|636;788;-17640|-147;-106;57|16.624117
910|345631|744;820;-17484|-179;-151;68|16.624117
911|345632|816;788;-17532|-177;-142;88|16.624117
912|345633|676;732;-17684|-187;-163;103|16.529999
913|345634|628;680;-17596|-208;-204;95|16.529999
914|345636|624;804;-17396|-239;-268;130|16.435881
915|345637|608;836;-17420|-267;-289;119|16.529999
916|345638|536;820;-17544|-296;-320;116|16.529999
917|345639|468;724;-17496|-295;-309;124|16.624117
918|345640|416;732;-17472|-308;-339;138|16.624117
919|345669|-32;1116;-18344|-208;-514;-612|16.529999
920|345671|-64;1152;-18308|-152;-484;-639|16.529999
921|345672|-52;1088;-18308|-116;-469;-636|16.529999
922|345673|24;1176;-18296|-90;-447;-653|16.624117
923|345674|48;1068;-18176|-88;-413;-673|16.529999
924|345675|136;1148;-18100|-60;-382;-664|16.624117
925|345677|-8;1136;-18108|-35;-358;-676|16.624117
926|345678|152;1100;-18028|-14;-342;-675|16.529999
927|345679|284;1080;-18168|4;-308;-683|16.624117
928|345680|172;1124;-18040|27;-298;-670|16.529999
929|345707|840;652;-17360|-22;-62;-420|16.529999
930|345709|1028;732;-17436|-36;-72;-363|16.529999
931|345710|1136;656;-17504|-50;-111;-367|16.529999
932|345711|1164;720;-17388|-51;-123;-367|16.529999
933|345712|1056;668;-17440|-69;-142;-328|16.529999
934|345714|1144;644;-17540|-63;-158;-281|16.624117
935|345715|1168;628;-17556|-77;-198;-239|16.529999
936|345716|1168;668;-17452|-78;-228;-176|16.529999
937|345717|1196;688;-17460|-64;-260;-177|16.529999
938|345719|1168;704;-17588|-49;-214;-146|16.529999
939|345747|196;748;-17420|-50;-708;52|16.529999
940|345749|-16;684;-17416|-71;-740;20|16.624117
941|345750|-20;668;-17540|-99;-758;-9|16.529999
942|345751|-28;744;-17496|-90;-759;-40|16.529999
943|345752|-120;736;-17420|-77;-756;-86|16.624117
944|345754|-108;800;-17488|-52;-785;-128|16.529999
945|345755|-112;812;-17492|-70;-788;-184|16.624117
946|345756|-128;708;-17476|-65;-791;-193|16.529999
947|345757|-136;624;-17440|-77;-812;-188|16.529999
948|345758|-76;744;-17452|-52;-837;-214|16.624117
949|345788|240;660;-17236|-65;-239;-335|16.624117
950|345790|272;652;-17204|-56;-193;-329|16.529999
951|345791|248;616;-17076|-60;-130;-290|16.529999
952|345792|308;560;-17376|-59;-58;-271|16.529999
953|345793|248;596;-17288|-80;23;-242|16.435881
954|345795|228;576;-17428|-95;77;-237|16.529999
955|345796|248;608;-17236|-95;133;-217|16.529999
956|345797|172;552;-17232|-95;183;-176|16.529999
957|345798|232;684;-17288|-109;305;-167|16.624117
958|345800|248;560;-17324|-107;354;-142|16.624117
959|345801|224;612;-17500|-99;402;-117|16.529999
960|345828|464;756;-17596|51;607;-44|16.529999
961|345829|544;796;-17484|17;576;-62|16.529999
962|345830|376;700;-17572|29;551;-65|16.529999
963|345832|396;784;-17456|62;508;-72|16.529999
964|345833|500;800;-17580|64;452;-86|16.435881
965|345834|576;800;-17596|68;437;-110|16.529999
966|345835|624;756;-17608|63;405;-121|16.529999
967|345836|616;724;-17608|85;314;-149|16.624117
968|345838|572;728;-17620|71;280;-143|16.624117
969|345839|572;672;-17540|69;226;-156|16.624117
970|345840|516;748;-17452|90;182;-156|16.624117
971|345869|716;212;-16916|-154;-638;-3|16.624117
972|345870|700;216;-16952|-175;-633;4|16.529999
973|345871|752;264;-16920|-197;-659;26|16.624117
974|345873|640;284;-16836|-236;-712;31|16.529999
975|345874|640;312;-16728|-259;-702;23|16.624117
976|345875|580;288;-16676|-270;-708;23|16.624117
977|345876|484;204;-16724|-290;-682;6|16.529999
978|345878|384;252;-16760|-322;-691;30|16.529999
979|345879|444;304;-16820|-344;-681;38|16.529999
980|345880|340;268;-16936|-363;-684;31|16.624117
981|345907|20;480;-17000|-749;-500;-82|16.529999
982|345908|188;604;-17128|-780;-492;-102|16.529999
983|345910|152;572;-17136|-794;-489;-53|16.529999
984|345911|124;564;-17104|-775;-483;-46|16.435881
985|345912|132;516;-17148|-776;-467;-49|16.529999
986|345913|128;456;-17168|-777;-421;-58|16.529999
987|345915|160;528;-17176|-794;-386;-69|16.529999
988|345916|148;528;-17200|-782;-369;-64|16.624117
989|345917|148;528;-17236|-794;-365;-66|16.529999
990|345918|140;532;-17212|-786;-321;-35|16.624117
991|345947|140;740;-17272|-819;111;-198|16.529999
992|345948|152;812;-17244|-799;137;-174|16.529999
993|345950|52;804;-17364|-782;113;-175|16.529999
994|345951|188;812;-17336|-771;109;-178|16.529999
995|345952|308;828;-17284|-773;135;-165|16.529999
996|345953|344;808;-17324|-758;170;-159|16.529999
997|345954|244;744;-17440|-746;145;-165|16.624117
998|345956|292;784;-17488|-728;141;-167|16.529999
999|345957|304;724;-17616|-728;166;-159|16.624117
1000|345958|488;964;-17496|-694;153;-162|16.529999
1001|345959|452;940;-17460|-687;158;-155|16.529999
1002|345986|548;772;-17492|-414;-11;33|16.624117
1003|345988|524;744;-17504|-419;-10;37|16.435881
1004|345989|524;664;-17568|-427;-21;49|16.529999
1005|345990|532;544;-17564|-406;-26;63|16.624117
1006|345991|528;728;-17540|-397;-37;90|16.529999
1007|345993|524;728;-17448|-392;-18;98|16.529999
1008|345994|512;636;-17204|-400;-14;125|16.529999
1009|345995|484;704;-17244|-416;-15;151|16.529999
1010|345996|452;672;-17204|-417;-48;146|16.624117
1011|345998|516;660;-17220|-412;-32;161|16.529999
1012|346026|64;1012;-17760|-538;151;16|16.624117
1013|346028|88;1112;-17744|-509;160;40|16.529999
1014|346029|72;1000;-17700|-468;128;35|16.529999
1015|346030|64;1036;-17752|-480;138;7|16.624117
1016|346031|68;1084;-17792|-431;180;-8|16.624117
1017|346033|88;1088;-17820|-410;180;2|16.529999
1018|346034|84;1080;-17800|-396;157;8|16.529999
1019|346035|32;992;-17788|-385;140;-24|16.624117
1020|346036|48;1024;-17880|-316;123;-77|16.435881
1021|346037|64;1092;-17768|-295;115;-98|16.529999
1022|346064|632;1092;-17948|193;-308;-361|16.624117
1023|346066|712;1032;-17844|194;-344;-366|16.529999
1024|346067|624;992;-17940|190;-360;-349|16.624117
1025|346068|656;1132;-18020|208;-394;-347|16.624117
1026|346069|700;1064;-17928|237;-429;-333|16.529999
1027|346071|700;1056;-17864|252;-467;-341|16.529999
1028|346072|740;1088;-17916|241;-498;-339|16.529999
1029|346073|660;1088;-17972|284;-597;-349|16.624117
1030|346074|680;988;-17920|311;-598;-300|16.529999
1031|346076|580;1064;-17924|319;-644;-276|16.529999
1032|346104|376;1596;-17852|544;-2355;-325|16.529999
1033|346106|260;1596;-17812|559;-2394;-367|16.529999
1034|346107|240;1672;-17796|563;-2440;-408|16.624117
1035|346108|248;1720;-17852|567;-2503;-390|16.624117
1036|346109|312;1748;-17848|578;-2533;-403|16.529999
1037|346111|296;1728;-17864|591;-2552;-405|16.624117
1038|346112|388;1756;-17980|592;-2573;-378|16.624117
1039|346113|288;1860;-18124|634;-2597;-409|16.529999
1040|346114|284;1948;-18052|633;-2622;-397|16.529999
1041|346116|256;1928;-18148|659;-2659;-383|16.624117
1042|346142|236;2472;-18748|1831;-2618;407|16.529999
1043|346144|188;2484;-19024|1844;-2613;448|16.529999
1044|346145|256;2416;-19356|1923;-2598;509|16.435881
1045|346146|272;2372;-19344|2034;-2492;638|16.435881
1046|346147|208;2556;-19464|2104;-2440;682|16.624117
1047|346149|112;2676;-19632|2186;-2379;721|16.624117
1048|346150|68;2664;-19592|2248;-2303;803|16.529999
1049|346151|-1108;2816;-19664|2408;-2301;891|16.624117
1050|346152|348;2772;-19904|2522;-2337;916|16.529999
1051|346154|1368;2904;-19504|2620;-2055;998|16.529999
1052|346182|-592;4172;-19152|6556;3406;3017|16.624117
1053|346184|-652;4196;-19004|6701;3577;3037|16.624117
1054|346185|-576;4212;-18796|6819;3732;3083|16.529999
1055|346186|-656;4416;-18396|7013;4002;3108|16.529999
1056|346187|-700;4356;-18272|7104;4112;3131|16.529999
1057|346189|-684;4468;-18068|7209;4206;3138|16.529999
1058|346190|-592;4544;-17916|7320;4290;3146|16.529999
1059|346191|-640;4676;-17388|7453;4403;3138|16.529999
1060|346192|-624;4748;-17312|7515;4409;3137|16.624117
1061|346219|-3028;2248;-16292|6877;-1840;1842|16.529999
1062|346221|-2676;2064;-16604|6809;-2222;1715|16.624117
1063|346222|-3316;1832;-16692|6795;-2669;1544|16.624117
1064|346223|-3352;2240;-16912|6705;-3717;1212|16.529999
1065|346224|-3280;2412;-17028|6606;-4144;1041|16.529999
1066|346226|-3120;2404;-17188|6524;-4563;853|16.529999
1067|346227|-3216;2172;-17264|6474;-5000;682|16.529999
1068|346228|-2728;2316;-17600|6445;-5777;352|16.529999
1069|346229|-2620;2316;-17788|6421;-6083;201|16.624117
1070|346258|1036;3232;-20552|10512;-9510;633|16.529999
1071|346259|612;3192;-20660|10708;-9467;743|16.529999
1072|346261|536;3144;-20512|10945;-9467;879|16.624117
1073|346262|620;3164;-20584|11179;-9438;982|16.624117
1074|346263|716;3136;-20620|11565;-9355;1244|16.624117
1075|346264|772;3100;-20620|11770;-9307;1375|16.529999
1076|346266|744;3144;-20596|11986;-9232;1519|16.624117
1077|346267|524;3136;-20504|12201;-9179;1657|16.529999
1078|346268|572;3248;-20284|12580;-9030;1905|16.529999
1079|346269|532;3224;-20284|12808;-8939;2026|16.529999
1080|346296|-1488;1952;-17772|15709;-6057;3864|16.624117
1081|346297|-1700;1944;-17632|15755;-5982;3839|16.529999
1082|346299|-1804;1992;-17520|15771;-5917;3834|16.624117
1083|346300|-1944;1756;-17324|15744;-5784;3829|16.624117
1084|346301|-1964;1728;-17252|15788;-5752;3833|16.624117
1085|346302|-2116;1680;-17084|15826;-5695;3796|16.529999
1086|346304|-2116;1564;-17088|15816;-5662;3785|16.529999
1087|346305|-2252;1432;-16816|15786;-5554;3752|16.624117
1088|346306|-2316;1396;-16852|15760;-5514;3726|16.624117
1089|346335|-3452;-532;-15356|15115;-4461;1638|16.529999
1090|346336|-3464;-764;-15300|15161;-4320;1552|16.529999
1091|346337|-3300;-820;-15256|15123;-4187;1475|16.624117
1092|346339|-3368;-844;-15252|15069;-4042;1414|16.529999
1093|346340|-3288;-992;-15124|15009;-3679;1322|16.529999
1094|346341|-3280;-1028;-15040|14969;-3492;1257|16.529999
1095|346342|-3208;-1084;-15132|15034;-3286;1209|16.529999
1096|346344|-3208;-1084;-15028|14887;-3088;1153|16.624117
1097|346345|-3232;-1272;-14872|14644;-2701;1102|16.529999
1098|346372|-2472;-1852;-14300|12983;3562;497|16.624117
1099|346373|-2420;-1864;-14316|12923;3812;509|16.624117
1100|346374|-2288;-1832;-14492|12842;4051;506|16.529999
1101|346376|-2152;-1808;-14612|12760;4305;549|16.624117
1102|346377|-2004;-1880;-14596|12665;4823;636|16.624117
1103|346378|-2052;-1940;-14680|12618;5095;666|16.624117
1104|346379|-1896;-1952;-14664|12565;5365;705|16.624117
1105|346381|-1960;-1872;-14792|12523;5599;763|16.435881
1106|346382|-1796;-1984;-14892|12434;6124;885|16.529999
1107|346411|-2156;-2400;-15424|12017;10348;1999|16.529999
1108|346412|-2160;-2408;-15248|11981;10340;1993|16.624117
1109|346413|-2156;-2376;-15332|11978;10337;2006|16.529999
1110|346414|-2272;-2444;-15184|11957;10321;1989|16.529999
1111|346416|-2272;-2436;-15224|11948;10309;1948|16.624117
1112|346417|-2324;-2500;-15224|11918;10267;1940|16.624117
1113|346418|-2240;-2552;-15040|11885;10246;1937|16.529999
1114|346419|-2216;-2644;-15072|11881;10207;1928|16.435881
1115|346421|-2436;-2652;-15184|11876;10166;1912|16.529999
1116|346448|-2732;-3656;-14700|11911;8387;-278|16.529999
1117|346449|-2644;-3688;-14648|11960;8195;-541|16.529999
1118|346450|-2652;-3664;-14620|11965;8141;-653|16.529999
1119|346451|-2464;-3736;-14436|11927;8039;-759|16.624117
1120|346452|-2424;-3688;-14428|11917;7940;-853|16.624117
1121|346454|-2412;-3780;-14624|11902;7819;-999|16.529999
1122|346455|-2180;-3844;-14404|11895;7585;-1239|16.529999
1123|346456|-2156;-3764;-14396|11892;7499;-1311|16.529999
1124|346485|724;-3792;-13752|11223;5887;-1168|16.529999
1125|346486|752;-3852;-13680|11216;5865;-1091|16.624117
1126|346488|832;-3848;-13664|11224;5829;-1040|16.624117
1127|346489|912;-3816;-13588|11158;5792;-860|16.529999
1128|346490|920;-3852;-13564|11136;5786;-764|16.529999
1129|346491|916;-3980;-13464|11112;5772;-702|16.624117
1130|346492|844;-3980;-13512|11125;5768;-621|16.624117
1131|346494|896;-4072;-13532|11117;5770;-461|16.529999
1132|346495|944;-4084;-13372|11107;5747;-381|16.529999
1133|346496|824;-4120;-13344|11101;5744;-313|16.529999
1134|346523|496;-6072;-12748|11173;6058;1007|16.435881
1135|346524|388;-6016;-12716|11158;6063;1020|16.529999
1136|346526|384;-6068;-12612|11158;6031;1035|16.529999
1137|346527|236;-6124;-12484|11156;6016;1072|16.529999
1138|346528|212;-6156;-12396|11121;6001;1070|16.624117
1139|346529|188;-6120;-12304|11078;6001;1061|16.529999
1140|346531|112;-6280;-12320|11067;5973;1051|16.624117
1141|346532|-96;-6276;-12236|10996;5914;1018|16.529999
1142|346533|-192;-6228;-12164|10959;5864;984|16.529999
1143|346562|-76;-5852;-11460|9898;2361;-1199|16.529999
1144|346563|52;-5848;-11396|9888;2238;-1248|16.529999
1145|346564|84;-5780;-11360|9883;2134;-1331|16.435881
1146|346566|188;-5856;-11248|9860;2019;-1414|16.624117
1147|346567|356;-5804;-11372|9836;1772;-1467|16.529999
1148|346568|524;-5900;-11416|9804;1657;-1484|16.529999
1149|346569|576;-5976;-11380|9800;1562;-1510|16.529999
1150|346571|624;-5944;-11408|9793;1482;-1545|16.624117
1151|346572|744;-5944;-11436|9775;1300;-1556|16.529999
1152|346599|1608;-8468;-11120|10352;1091;-1541|16.624117
1153|346600|1724;-8380;-11064|10334;1192;-1578|16.529999
1154|346601|1684;-8456;-10988|10318;1272;-1581|16.529999
1155|346603|1664;-8520;-10916|10329;1388;-1587|16.529999
1156|346604|1744;-8724;-10828|10299;1584;-1668|16.624117
1157|346605|1784;-8720;-10724|10287;1647;-1690|16.529999
1158|346606|1828;-8760;-10576|10293;1771;-1707|16.529999
1159|346607|1772;-8880;-10664|10273;1889;-1722|16.529999
1160|346609|1936;-8816;-10512|10222;2127;-1780|16.624117
1161|346638|2224;-9024;-8072|7843;3682;-1947|16.624117
1162|346639|2212;-8896;-8016|7706;3678;-1921|16.529999
1163|346641|2260;-8788;-7980|7409;3605;-1870|16.624117
1164|346642|2292;-8792;-7880|7238;3576;-1856|16.529999
1165|346643|2312;-8772;-7964|7078;3535;-1844|16.529999
1166|346644|2256;-8696;-7988|6923;3447;-1840|16.624117
1167|346646|2360;-8700;-7872|6757;3370;-1810|16.624117
1168|346647|2184;-8644;-8052|6452;3207;-1729|16.529999
1169|346648|2324;-8668;-8092|6307;3126;-1729|16.529999
1170|346649|2264;-8620;-8164|6175;3040;-1705|16.435881
1171|346676|1892;-10144;-10520|4389;456;-1419|16.624117
1172|346678|2068;-10232;-10672|4333;405;-1394|16.529999
1173|346679|2044;-10052;-10688|4314;347;-1434|16.529999
1174|346680|2176;-10160;-10640|4277;331;-1449|16.529999
1175|346681|2152;-10184;-10620|4248;332;-1458|16.529999
1176|346682|2068;-10252;-10652|4241;339;-1443|16.529999
1177|346684|2172;-10436;-10752|4190;367;-1429|16.529999
1178|346685|2148;-10616;-10860|4171;403;-1456|16.529999
1179|346686|2252;-10616;-10924|4152;426;-1464|16.624117
1180|346715|2464;-12628;-11192|3548;1965;-1900|16.624117
1181|346716|2468;-12804;-11044|3548;1964;-1936|16.529999
1182|346718|2504;-12776;-11112|3565;2026;-1989|16.624117
1183|346719|2464;-12888;-11072|3574;2054;-2075|16.624117
1184|346720|2476;-12916;-10920|3575;2052;-2118|16.624117
1185|346721|2452;-13024;-10908|3556;2064;-2172|16.624117
1186|346722|2520;-13032;-10808|3535;2056;-2206|16.624117
1187|346724|2680;-12952;-10776|3499;2012;-2310|16.529999
1188|346725|2716;-12964;-10680|3446;1986;-2358|16.624117
1189|346757|4364;-12096;-10264|134;-2010;-2839|16.529999
1190|346758|4436;-12156;-10384|24;-2179;-2751|16.529999
1191|346759|4544;-12084;-10412|-96;-2349;-2664|16.529999
1192|346761|4780;-12164;-10616|-344;-2687;-2529|16.529999
1193|346762|4660;-12192;-10708|-453;-2871;-2445|16.529999
1194|346763|4884;-12116;-10696|-565;-3027;-2325|16.529999
1195|346764|4836;-12172;-10728|-671;-3178;-2222|16.624117
1196|346766|5060;-12200;-10952|-891;-3514;-2010|16.624117
1197|346767|4932;-12280;-11060|-977;-3651;-1897|16.529999
1198|346797|3948;-14232;-14376|-1687;-5630;1620|16.624117
1199|346798|3712;-14304;-14524|-1600;-5615;1673|16.435881
1200|346799|3620;-14452;-14500|-1509;-5589;1700|16.529999
1201|346801|3380;-14544;-14660|-1292;-5558;1691|16.624117
1202|346802|3156;-14588;-14656|-1175;-5541;1710|16.529999
1203|346803|3184;-14580;-14576|-1129;-5524;1721|16.529999
1204|346804|2980;-14536;-14596|-1085;-5511;1690|16.529999
1205|346806|2832;-14588;-14396|-902;-5506;1655|16.624117
1206|346807|2672;-14560;-14324|-824;-5480;1602|16.529999
1207|346834|1340;-15180;-12784|-1202;-6896;-1344|16.529999
1208|346835|1480;-15160;-12824|-1321;-6963;-1449|16.529999
1209|346836|1692;-15016;-12764|-1439;-6995;-1561|16.435881
1210|346837|1744;-15068;-12724|-1566;-7030;-1614|16.529999
1211|346839|1912;-14852;-12832|-1834;-7098;-1721|16.529999
1212|346840|2028;-14848;-12916|-1983;-7091;-1806|16.624117
1213|346841|2120;-14888;-12676|-2132;-7085;-1875|16.624117
1214|346842|2216;-14760;-12776|-2264;-7075;-1914|16.529999
1215|346871|4160;-14440;-15440|-5251;-4353;-138|16.529999
1216|346872|4020;-14452;-15516|-5252;-4124;83|16.435881
1217|346874|4032;-14364;-15624|-5255;-3995;190|16.529999
1218|346875|4012;-14344;-15764|-5252;-3876;301|16.529999
1219|346876|3996;-14360;-15692|-5221;-3766;417|16.624117
1220|346877|3936;-14488;-15724|-5224;-3661;509|16.529999
1221|346879|3724;-14300;-15680|-5221;-3441;652|16.529999
1222|346880|3680;-14248;-15684|-5217;-3345;775|16.529999
1223|346881|3688;-14196;-15676|-5207;-3270;854|16.624117
1224|346908|1864;-13992;-15272|-5075;-2743;1411|16.624117
1225|346909|1788;-13984;-15352|-5056;-2794;1380|16.624117
1226|346911|1796;-13884;-15232|-5018;-2921;1376|16.435881
1227|346912|1776;-13872;-15312|-5017;-2968;1374|16.529999
1228|346913|1680;-13832;-15308|-5002;-3015;1329|16.624117
1229|346914|1692;-13936;-15276|-4974;-3052;1291|16.529999
1230|346916|1736;-13792;-15248|-4917;-3151;1192|16.529999
1231|346917|1736;-13924;-15272|-4930;-3215;1174|16.529999
1232|346918|1716;-13884;-15280|-4914;-3287;1156|16.529999
1233|346947|1968;-13568;-14904|-4982;-5527;1395|16.529999
1234|346948|2020;-13440;-14996|-4984;-5587;1444|16.529999
1235|346949|2068;-13396;-14948|-4993;-5639;1474|16.624117
1236|346951|2024;-13356;-14968|-5073;-5718;1578|16.529999
1237|346952|2004;-13372;-15020|-5081;-5743;1636|16.529999
1238|346953|1960;-13312;-14948|-5087;-5790;1695|16.624117
1239|346954|2032;-13348;-15108|-5101;-5823;1743|16.529999
1240|346956|1868;-13316;-15176|-5154;-5891;1869|16.529999
1241|346957|1792;-13428;-15272|-5150;-5904;1927|16.624117
1242|346984|504;-13112;-15860|-4585;-5340;2836|16.624117
1243|346985|536;-13040;-15924|-4540;-5295;2845|16.624117
1244|346986|376;-13148;-15740|-4524;-5239;2836|16.529999
1245|346987|308;-12956;-15780|-4422;-5139;2827|16.624117
1246|346989|224;-13084;-15672|-4400;-5097;2825|16.624117
1247|346990|176;-12984;-15712|-4365;-5041;2778|16.529999
1248|346991|124;-13036;-15768|-4338;-4986;2738|16.529999
1249|346992|96;-12968;-15684|-4295;-4930;2678|16.529999
1250|346994|16;-12980;-15652|-4256;-4895;2660|16.624117
1251|347021|-376;-12652;-14964|-3692;-4477;1865|16.529999
1252|347022|-424;-12604;-14812|-3682;-4441;1785|16.529999
1253|347024|-440;-12632;-14956|-3667;-4418;1761|16.529999
1254|347025|-380;-12620;-14848|-3634;-4404;1748|16.529999
1255|347026|-404;-12672;-14816|-3592;-4360;1712|16.529999
1256|347027|-376;-12524;-14744|-3561;-4279;1696|16.529999
1257|347029|-368;-12504;-14800|-3555;-4253;1691|16.624117
1258|347030|-404;-12376;-14804|-3540;-4257;1657|16.529999
1259|347031|-456;-12344;-14824|-3530;-4228;1617|16.529999
1260|347060|-532;-11640;-14356|-3058;-2702;1239|16.529999
1261|347061|-612;-11620;-14364|-3036;-2612;1210|16.624117
1262|347062|-612;-11636;-14328|-3010;-2454;1198|16.435881
1263|347064|-620;-11608;-14256|-2991;-2365;1200|16.624117
1264|347065|-572;-11532;-14180|-2958;-2285;1157|16.529999
1265|347066|-620;-11564;-14176|-2962;-2221;1151|16.624117
1266|347067|-764;-11528;-14224|-2914;-2063;1101|16.529999
1267|347069|-780;-11592;-14136|-2903;-1980;1087|16.529999
1268|347070|-816;-11588;-13988|-2903;-1910;1038|16.529999
1269|347097|-700;-11544;-13832|-2936;-205;188|16.529999
1270|347098|-700;-11400;-13764|-2919;-148;170|16.529999
1271|347099|-576;-11408;-13856|-2938;-84;123|16.529999
1272|347101|-648;-11296;-13836|-2935;-43;145|16.624117
1273|347102|-648;-11260;-13872|-2942;5;146|16.529999
1274|347103|-600;-11276;-13760|-2955;50;145|16.529999
1275|347104|-460;-11240;-13812|-2951;82;130|16.624117
1276|347105|-384;-11192;-13812|-2974;184;96|16.624117
1277|347107|-352;-11124;-13820|-2993;206;97|16.435881
1278|347136|-344;-10692;-14092|-2969;220;301|16.624117
1279|347137|-304;-10700;-14152|-2953;208;305|16.529999
1280|347138|-408;-10616;-14084|-2959;192;308|16.624117
1281|347139|-456;-10624;-14084|-2947;188;282|16.529999
1282|347140|-436;-10632;-14040|-2936;171;284|16.529999
1283|347142|-444;-10556;-14100|-2928;160;289|16.624117
1284|347143|-396;-10568;-14000|-2912;137;292|16.529999
1285|347144|-456;-10524;-13916|-2906;94;302|16.624117
1286|347145|-452;-10528;-14176|-2872;77;296|16.529999
1287|347172|-360;-9988;-14284|-2720;-125;582|16.718235
1288|347174|-368;-9928;-14280|-2714;-56;622|16.435881
1289|347175|-420;-9948;-14448|-2707;-18;667|16.529999
1290|347176|-440;-9924;-14512|-2696;9;683|16.529999
1291|347177|-416;-9980;-14380|-2649;75;724|16.529999
1292|347179|-488;-9936;-14528|-2626;97;768|16.624117
1293|347180|-392;-9872;-14508|-2606;107;818|16.529999
1294|347181|-452;-9788;-14476|-2589;135;875|16.624117
1295|347182|-408;-9840;-14536|-2541;176;933|16.529999
1296|347184|-420;-9860;-14404|-2525;206;958|16.624117
1297|347212|-1688;-9584;-14960|-2359;368;885|16.529999
1298|347214|-1784;-9568;-14928|-2341;333;856|16.435881
1299|347215|-1792;-9512;-14980|-2328;301;800|16.529999
1300|347216|-1760;-9468;-15076|-2304;302;766|16.529999
1301|347217|-1772;-9480;-15088|-2216;257;665|16.529999
1302|347219|-1792;-9480;-15172|-2191;249;614|16.529999
1303|347220|-1752;-9320;-15016|-2189;231;579|16.529999
1304|347221|-1728;-9376;-15056|-2179;190;531|16.624117
1305|347222|-1676;-9432;-14860|-2142;167;472|16.529999
1306|347249|-668;-9040;-15052|-1923;-49;362|16.529999
1307|347250|-684;-8980;-14916|-1916;-60;393|16.529999
1308|347252|-628;-9012;-14880|-1909;-84;432|16.529999
1309|347253|-628;-8984;-14900|-1921;-111;453|16.529999
1310|347254|-636;-8960;-15012|-1898;-139;468|16.529999
1311|347255|-652;-8956;-15036|-1915;-180;504|16.529999
1312|347257|-644;-8960;-14912|-1899;-227;528|16.624117
1313|347258|-680;-9016;-14980|-1876;-243;543|16.624117
1314|347259|-660;-8940;-15060|-1878;-250;554|16.624117
1315|347288|-988;-8416;-15444|-1521;-1026;549|16.529999
1316|347289|-980;-8468;-15548|-1469;-1061;559|16.624117
1317|347290|-848;-8424;-15424|-1432;-1074;571|16.624117
1318|347292|-904;-8440;-15564|-1405;-1053;563|16.529999
1319|347293|-892;-8492;-15648|-1406;-1036;565|16.529999
1320|347294|-912;-8464;-15636|-1373;-1013;596|16.529999
1321|347295|-852;-8504;-15648|-1325;-1003;595|16.529999
1322|347297|-848;-8440;-15640|-1244;-997;610|16.529999
1323|347298|-928;-8464;-15640|-1208;-992;612|16.529999
1324|347299|-932;-8528;-15720|-1207;-995;590|16.529999
1325|347326|-1336;-8468;-15264|-572;-369;525|16.529999
1326|347327|-1280;-8488;-15364|-556;-300;522|16.529999
1327|347328|-1268;-8556;-15168|-522;-278;511|16.624117
1328|347330|-1220;-8536;-15216|-500;-271;484|16.529999
1329|347331|-1244;-8628;-15296|-532;-231;473|16.435881
1330|347332|-1312;-8656;-15232|-571;-165;418|16.624117
1331|347333|-1284;-8604;-15092|-566;-137;376|16.529999
1332|347335|-1312;-8580;-15148|-561;-110;369|16.435881
1333|347336|-1320;-8632;-15156|-588;-74;373|16.624117
1334|347365|-1136;-8684;-14840|-1135;801;-97|16.529999
1335|347366|-1256;-8576;-14880|-1163;831;-99|16.529999
1336|347367|-1092;-8680;-14936|-1208;875;-144|16.624117
1337|347368|-1064;-8712;-14896|-1235;885;-183|16.529999
1338|347370|-1108;-8660;-14996|-1237;897;-193|16.529999
1339|347371|-1104;-8708;-14856|-1247;901;-201|16.624117
1340|347372|-1136;-8644;-15144|-1288;936;-250|16.529999
1341|347373|-1200;-8704;-15072|-1306;950;-255|16.624117
1342|347375|-1164;-8824;-15132|-1334;946;-288|16.624117
1343|347402|-916;-8580;-15508|-1094;610;-655|16.624117
1344|347403|-956;-8440;-15452|-1087;605;-632|16.624117
1345|347404|-1004;-8392;-15532|-1010;577;-673|16.529999
1346|347405|-1012;-8460;-15532|-1005;552;-706|16.624117
1347|347407|-964;-8496;-15476|-1006;550;-698|16.624117
1348|347408|-1020;-8448;-15396|-990;534;-688|16.624117
1349|347409|-1032;-8444;-15620|-954;501;-733|16.529999
1350|347410|-1032;-8368;-15636|-911;505;-764|16.529999
1351|347411|-980;-8388;-15660|-897;484;-766|16.529999
1352|347440|-708;-8244;-15628|-465;775;-976|16.529999
1353|347442|-712;-8240;-15612|-458;764;-980|16.529999
1354|347443|-700;-8300;-15504|-462;777;-967|16.529999
1355|347444|-696;-8340;-15536|-452;821;-981|16.529999
1356|347445|-632;-8336;-15544|-444;836;-983|16.529999
1357|347446|-680;-8260;-15592|-456;846;-985|16.624117
1358|347448|-696;-8300;-15632|-463;849;-961|16.529999
1359|347449|-644;-8376;-15532|-453;878;-949|16.529999
1360|347450|-604;-8296;-15556|-460;870;-945|16.529999
1361|347451|-640;-8328;-15556|-450;893;-965|16.624117
1362|347478|-376;-8360;-15168|-495;1614;-987|16.529999
1363|347480|-348;-8460;-15244|-510;1636;-1009|16.624117
1364|347481|-340;-8348;-15180|-541;1673;-1012|16.529999
1365|347482|-456;-8148;-15004|-573;1692;-1010|16.624117
1366|347483|-396;-8208;-15036|-620;1731;-1020|16.529999
1367|347485|-448;-8308;-15156|-641;1776;-971|16.529999
1368|347486|-444;-8376;-15196|-651;1811;-965|16.529999
1369|347487|-384;-8432;-15020|-695;1858;-998|16.529999
1370|347488|-340;-8496;-15068|-712;1884;-1005|16.624117
1371|347517|-536;-8388;-15100|-834;2320;-1192|16.529999
1372|347518|-516;-8344;-15164|-823;2332;-1154|16.529999
1373|347520|-460;-8256;-15244|-836;2354;-1167|16.529999
1374|347521|-432;-8316;-15408|-839;2371;-1206|16.435881
1375|347522|-436;-8252;-15332|-819;2337;-1201|16.435881
1376|347523|-536;-8236;-15372|-823;2336;-1258|16.624117
1377|347524|-576;-8312;-15416|-830;2344;-1293|16.624117
1378|347526|-500;-8320;-15412|-817;2347;-1264|16.624117
1379|347527|-544;-8272;-15416|-803;2319;-1312|16.529999
1380|347554|184;-8076;-15500|-437;2331;-1545|16.529999
1381|347555|260;-7980;-15476|-426;2340;-1548|16.624117
1382|347556|124;-8076;-15464|-408;2327;-1533|16.529999
1383|347558|76;-8004;-15392|-396;2311;-1517|16.529999
1384|347559|100;-8216;-15432|-410;2296;-1504|16.435881
1385|347560|156;-8208;-15456|-394;2263;-1494|16.529999
1386|347561|180;-8108;-15424|-381;2250;-1504|16.529999
1387|347563|260;-8152;-15448|-392;2243;-1510|16.529999
1388|347564|260;-8084;-15480|-345;2221;-1477|16.624117
1389|347565|292;-8104;-15504|-342;2237;-1478|16.529999
1390|347594|668;-8320;-15592|-329;2010;-1516|16.529999
1391|347595|656;-8268;-15452|-330;2028;-1492|16.529999
1392|347596|596;-8248;-15456|-322;2050;-1490|16.624117
1393|347598|612;-8244;-15480|-313;2039;-1502|16.529999
1394|347599|632;-8256;-15356|-294;2019;-1521|16.529999
1395|347600|632;-8320;-15428|-265;2003;-1516|16.529999
1396|347601|776;-8256;-15492|-256;2014;-1504|16.529999
1397|347603|752;-8352;-15572|-263;2038;-1482|16.529999
1398|347604|760;-8184;-15440|-286;2059;-1486|16.435881
1399|347631|776;-8116;-15300|-264;2558;-1391|16.529999
1400|347632|808;-8152;-15196|-302;2540;-1373|16.529999
1401|347633|700;-8148;-15268|-308;2534;-1398|16.624117
1402|347634|660;-8148;-15188|-308;2494;-1450|16.529999
1403|347636|724;-8084;-15160|-306;2475;-1475|16.529999
1404|347637|728;-8072;-15192|-300;2461;-1467|16.529999
1405|347638|716;-8052;-15132|-307;2431;-1495|16.624117
1406|347639|820;-8176;-15016|-339;2389;-1519|16.435881
1407|347641|776;-8232;-15028|-352;2355;-1536|16.624117
1408|347669|1556;-8012;-15372|-525;1867;-1582|16.529999
