0|42542|3688;-432;15000|-122;-248;2|21.847645
1|42597|3616;-484;15104|-137;-247;-47|21.941765
2|42598|3636;-516;15092|-135;-236;-28|21.847645
3|42599|3748;-492;15012|-133;-236;-19|21.847645
4|42600|3700;-376;15024|-141;-241;-16|21.847645
5|42602|3676;-456;14988|-129;-245;-33|21.753529
6|42603|3576;-440;14844|-141;-237;-27|21.847645
7|42604|3616;-432;14960|-146;-216;-19|21.941765
8|42605|3736;-468;15036|-128;-212;-16|21.847645
9|42607|3692;-468;14964|-127;-209;-19|21.847645
10|42608|3632;-428;14816|-145;-239;-19|21.847645
11|42635|3684;-536;14952|-113;-224;-40|21.941765
12|42637|3588;-532;15108|-124;-232;-37|21.847645
13|42638|3608;-428;15100|-119;-246;-34|21.847645
14|42639|3656;-468;15076|-146;-240;-35|21.753529
15|42640|3760;-476;15120|-152;-216;-10|21.847645
16|42642|3596;-412;15116|-148;-212;-15|21.847645
17|42643|3616;-600;15280|-134;-254;-38|21.847645
18|42644|3460;-512;15468|-130;-323;-57|21.847645
19|42645|3384;-420;15416|-122;-443;-29|21.847645
20|42647|3468;-468;15368|-126;-479;-31|21.753529
21|42648|3392;-596;15384|-100;-511;-29|21.847645
22|42677|3844;-428;14916|-253;324;-329|21.847645
23|42678|3760;-412;15012|-269;328;-336|21.753529
24|42679|3788;-320;14976|-241;320;-333|21.847645
25|42680|3764;-360;14972|-236;294;-332|21.847645
26|42682|3740;-404;15072|-253;313;-298|21.941765
27|42683|3740;-332;15136|-265;317;-275|21.847645
28|42684|3708;-264;15096|-261;273;-218|21.941765
29|42685|3672;-328;15132|-257;258;-201|21.847645
30|42687|3644;-352;15124|-256;262;-220|21.847645
31|42688|3724;-340;15056|-255;240;-223|21.847645
32|42715|3860;-744;15704|278;-250;1799|21.847645
33|42716|3860;-476;15224|367;-360;2267|21.847645
34|42717|3956;-460;15036|442;-403;2556|21.847645
35|42718|3956;-264;14704|491;-399;2810|21.941765
36|42720|3816;-232;14460|521;-359;3073|21.941765
37|42721|3880;-136;14620|547;-277;3583|21.941765
38|42722|3612;-244;14628|590;-242;3809|21.847645
39|42723|3308;-160;14872|588;-216;4061|21.847645
40|42725|3600;-556;15096|639;-203;4235|21.847645
41|42726|3216;-244;15176|755;-177;4574|21.941765
42|42727|2992;-236;15288|802;-215;4722|21.847645
43|42756|4948;-700;14524|-15;-25;1284|21.847645
44|42757|4964;-356;14480|-87;-12;1196|21.847645
45|42758|4604;-316;14608|-140;23;1210|21.753529
46|42760|4668;-200;14864|-223;106;1120|21.753529
47|42761|4528;-44;14644|-253;161;1118|21.847645
48|42762|4428;-32;14856|-288;184;1054|21.753529
49|42763|4120;-144;14724|-313;190;1027|21.847645
50|42765|4232;-204;15016|-362;251;972|21.847645
51|42766|4248;-180;15104|-355;270;915|21.847645
52|42767|3944;-136;14952|-384;282;891|21.847645
53|42794|3100;-884;15168|-1187;935;-793|21.753529
54|42795|3232;-784;15164|-1197;927;-916|21.753529
55|42797|3416;-376;15204|-1312;1062;-949|21.847645
56|42798|3792;-504;14780|-1366;1130;-1010|21.847645
57|42799|3748;-372;14920|-1402;1202;-1024|21.941765
58|42800|3804;-972;15892|-1285;1258;-1051|21.847645
59|42802|4032;-80;15844|-1116;1372;-1204|21.847645
60|42803|3928;140;14724|-1239;1455;-1207|21.847645
61|42804|3648;-188;14272|-1343;1485;-1219|21.941765
62|42805|3580;-336;14648|-1371;1554;-1162|21.847645
63|42834|1668;-824;15024|3;1619;828|21.847645
64|42835|1964;-8;15180|170;1437;1088|21.753529
65|42837|2204;528;15828|-46;1448;1214|21.753529
66|42838|2136;-304;15692|-192;1402;1280|21.847645
67|42839|2108;-1468;15064|-62;1357;1345|21.847645
68|42840|2464;-392;14836|262;1159;1439|21.941765
69|42842|2908;116;15520|108;1211;1437|21.941765
70|42843|2828;-736;14956|-56;1211;1420|21.847645
71|42844|2720;-2076;15356|90;1152;1403|21.941765
72|42845|3072;-20;14980|226;1128;1359|21.847645
73|42847|3104;-524;15940|78;1130;1346|21.847645
74|42874|4452;-308;15848|259;2967;1449|21.847645
75|42875|4684;48;15712|339;3072;1553|21.753529
76|42876|4520;456;15832|349;3149;1563|21.941765
77|42877|3972;196;15632|257;3393;1689|21.941765
78|42878|4364;448;15192|187;3513;1726|21.847645
79|42880|4444;20;16144|213;3595;1733|21.847645
80|42881|4368;-160;15720|307;3675;1808|21.847645
81|42882|4228;388;15248|400;3849;1950|21.753529
82|42883|4244;712;15464|306;3934;2040|21.847645
83|42885|4552;360;15820|229;4047;2118|21.753529
84|42913|3796;1056;16012|629;8726;6081|21.847645
85|42915|3392;-184;17680|809;8983;6170|21.753529
86|42916|3576;1064;15752|1133;9259;6162|21.847645
87|42917|2868;1608;16404|1064;9421;6245|21.847645
88|42918|3240;2128;15316|887;9580;6396|21.847645
89|42920|3328;1404;15860|801;9777;6508|21.941765
90|42921|3020;1096;15840|998;9923;6689|21.847645
91|42922|2828;1284;16176|1063;9976;6777|21.847645
92|42923|2604;1688;15252|1026;10046;6966|21.847645
93|42925|2416;1756;15316|942;10104;7096|21.941765
94|42926|2092;1452;15608|982;10193;7374|21.847645
95|42953|744;-1376;14360|2925;3435;6895|21.753529
96|42954|1044;-1524;14568|3146;2850;6613|21.941765
97|42955|1412;-1708;14812|3340;2259;6283|21.753529
98|42957|2032;-1532;14612|3532;1717;6001|21.847645
99|42958|2516;-1856;14864|3862;920;5653|21.847645
100|42959|2632;-1872;15292|3959;487;5304|21.847645
101|42960|2912;-2016;15156|4052;88;5030|21.847645
102|42962|2760;-2040;15236|4144;-260;4764|21.847645
103|42963|2992;-2204;15040|4260;-726;4216|21.847645
104|42964|2908;-2308;15120|4322;-882;4004|21.847645
105|42993|1688;-4600;18616|4947;-2848;-3029|21.941765
106|42994|1752;-4476;18620|4968;-2995;-3292|21.847645
107|42995|1704;-4348;18664|4995;-3131;-3549|21.847645
108|42997|1848;-4056;18788|5098;-3410;-4039|21.941765
109|42998|1744;-3992;18888|5170;-3552;-4286|21.941765
110|42999|1680;-3692;18888|5230;-3671;-4478|21.941765
111|43000|1688;-3548;18912|5316;-3794;-4688|21.847645
112|43002|1656;-3288;18912|5434;-4048;-5036|21.847645
113|43003|1808;-3164;19072|5505;-4149;-5221|21.847645
114|43030|2464;724;19536|9936;-7385;-6552|21.847645
115|43031|2400;744;19636|10165;-7520;-6461|21.847645
116|43032|2416;740;19664|10406;-7618;-6382|21.847645
117|43034|2188;972;19568|10891;-7856;-6238|21.753529
118|43035|2372;972;19452|11112;-7950;-6200|21.753529
119|43036|2384;976;19324|11347;-8037;-6173|21.941765
120|43037|2556;1024;19212|11564;-8143;-6151|21.847645
121|43039|2648;1028;19100|11990;-8315;-6091|21.847645
122|43040|2892;992;19080|12190;-8373;-6051|21.941765
123|43041|2980;968;18880|12432;-8425;-6013|21.753529
124|43070|3480;1044;16724|18570;-9450;-5698|21.941765
125|43071|3384;1064;16436|18717;-9469;-5647|21.753529
126|43072|3512;1088;16212|19040;-9463;-5616|21.753529
127|43074|3588;1276;16248|19182;-9466;-5628|21.753529
128|43075|3620;1416;16168|19290;-9453;-5636|21.847645
129|43076|3640;1444;16020|19419;-9415;-5631|21.847645
130|43077|3736;1480;16060|19647;-9358;-5573|21.753529
131|43079|3680;1552;16144|19741;-9331;-5578|21.847645
132|43080|3668;1556;15932|19843;-9304;-5566|21.847645
133|43107|3660;3772;17420|19855;-9784;-4730|21.753529
134|43108|3580;3776;17432|19799;-9888;-4660|21.847645
135|43109|3608;4052;17408|19698;-10065;-4590|21.941765
136|43110|3488;4100;17380|19637;-10151;-4570|21.753529
137|43112|3508;4160;17488|19576;-10246;-4539|21.847645
138|43113|3472;4248;17504|19506;-10369;-4505|21.847645
139|43114|3596;4556;17464|19388;-10553;-4427|21.847645
140|43115|3632;4624;17532|19340;-10633;-4378|21.847645
141|43117|3584;4728;17332|19290;-10737;-4318|21.847645
142|43118|3688;4712;17148|19245;-10842;-4215|21.941765
143|43147|4132;6112;14936|16308;-12557;-1756|21.847645
144|43148|4416;6192;14872|16019;-12522;-1568|21.847645
145|43149|4008;6756;14560|15792;-12518;-1506|21.847645
146|43150|4624;6500;15144|15631;-12411;-1389|21.847645
147|43152|4268;6500;14216|15480;-12324;-1268|21.847645
148|43153|4292;6264;13936|15148;-12362;-1178|21.847645
149|43154|3908;6364;13704|15015;-12359;-1107|21.847645
150|43155|3948;6408;13952|14822;-12342;-1062|21.847645
151|43157|3668;6840;13748|14547;-12380;-964|21.941765
152|43184|4412;7468;12684|5731;-11328;2013|21.847645
153|43185|4536;7292;12768|5139;-11295;2140|21.847645
154|43186|4600;7224;12764|4838;-11318;2209|21.753529
155|43187|4712;7124;12508|4543;-11337;2298|21.753529
156|43189|4736;7012;12680|4246;-11357;2360|21.847645
157|43190|4804;6976;12720|3660;-11357;2461|21.753529
158|43191|4784;6836;12776|3395;-11399;2495|21.847645
159|43192|4720;6784;12656|3148;-11438;2554|21.847645
160|43194|4868;6684;12484|2910;-11483;2622|21.847645
161|43195|4784;6504;12524|2426;-11551;2686|21.941765
162|43224|5484;5436;11832|-457;-11697;2652|21.847645
163|43225|5488;5444;11776|-453;-11666;2640|21.753529
164|43226|5504;5380;11792|-474;-11630;2642|21.753529
165|43227|5412;5408;11776|-487;-11605;2628|21.941765
166|43229|5476;5380;11568|-490;-11541;2650|21.847645
167|43230|5484;5480;11576|-492;-11495;2636|21.847645
168|43231|5536;5420;11560|-509;-11460;2614|21.941765
169|43232|5632;5412;11504|-528;-11403;2624|21.753529
170|43234|5700;5520;11352|-573;-11286;2568|21.847645
171|43261|6476;4920;10156|1068;-10113;2054|21.847645
172|43262|6628;4828;10140|1186;-10009;1982|21.753529
173|43263|6628;4896;10024|1284;-9930;1925|21.847645
174|43264|6616;4908;10088|1380;-9873;1873|21.847645
175|43266|6744;4880;9880|1650;-9722;1767|21.847645
176|43267|6820;4704;9900|1781;-9645;1723|21.941765
177|43268|6880;4748;9876|1912;-9584;1685|21.847645
178|43269|6776;4708;10012|2054;-9509;1628|21.847645
179|43271|6892;4612;9964|2344;-9391;1495|21.941765
180|43272|6816;4620;10048|2487;-9361;1416|21.847645
181|43301|7172;4496;8340|8495;-7830;-629|21.847645
182|43302|7204;4624;8460|8771;-7717;-678|21.847645
183|43303|7272;4700;8396|9032;-7610;-728|21.847645
184|43304|7404;4608;8380|9504;-7414;-806|21.847645
185|43306|7388;4660;8536|9762;-7326;-848|21.753529
186|43307|7476;4676;8452|10004;-7247;-869|21.847645
187|43308|8024;4660;8332|10233;-7176;-888|21.847645
188|43309|8788;4456;8268|10432;-7097;-852|21.847645
189|43311|8324;4664;8476|10763;-6863;-992|21.941765
190|43312|7976;4608;8584|10928;-6807;-1091|21.847645
191|43339|7220;5192;8996|13834;-4150;-1964|21.847645
192|43340|7000;5372;9112|13818;-4045;-1998|21.941765
193|43341|6820;5596;9412|13757;-3888;-2027|21.847645
194|43342|6820;5668;9372|13751;-3844;-2018|21.847645
195|43344|6948;5856;9432|13717;-3810;-2021|21.847645
196|43345|7208;5848;9440|13681;-3752;-2063|21.941765
197|43346|7364;5888;9452|13629;-3686;-2146|21.847645
198|43347|7620;5904;9376|13589;-3671;-2123|21.847645
199|43349|7820;5876;9372|13551;-3636;-2134|21.847645
200|43350|8036;5948;9444|13516;-3593;-2167|21.847645
201|43379|9704;6928;9512|9368;-3036;-2595|21.847645
202|43380|9556;7104;9420|9184;-3001;-2634|21.847645
203|43381|8952;7336;9560|8877;-2969;-2643|21.847645
204|43382|8612;7420;9548|8741;-2951;-2634|21.847645
205|43384|8204;7616;9392|8589;-2922;-2633|21.847645
206|43385|8068;7760;9504|8467;-2891;-2623|21.847645
207|43386|7716;8240;9436|8217;-2806;-2590|21.847645
208|43387|7624;8324;9492|8101;-2773;-2572|21.847645
209|43389|7500;8288;9428|8010;-2726;-2509|21.941765
210|43390|7540;8396;9604|7918;-2676;-2456|21.847645
211|43417|8684;9164;8348|4827;-498;-767|21.941765
212|43418|8644;9216;8204|4606;-410;-722|21.847645
213|43419|8744;9220;8288|4363;-310;-684|21.847645
214|43421|8792;9152;8272|4107;-185;-616|21.847645
215|43422|8844;9120;8060|3597;16;-507|21.941765
216|43423|8884;9108;7952|3315;156;-461|21.847645
217|43424|8812;9172;8084|3019;259;-416|21.847645
218|43426|8916;9200;8032|2734;344;-370|21.941765
219|43427|8752;9308;8052|2129;530;-307|21.847645
220|43428|8792;9420;7988|1795;632;-249|21.847645
221|43457|8128;9544;8896|-8945;3486;2657|21.847645
222|43458|8036;9612;9104|-9358;3566;2761|21.847645
223|43459|8020;9556;9120|-9760;3619;2852|21.847645
224|43461|8060;9448;9236|-10160;3688;2965|21.847645
225|43462|8136;9484;9412|-10983;3780;3081|21.847645
226|43463|8144;9336;9636|-11410;3823;3138|21.847645
227|43464|8120;9320;9756|-11816;3878;3213|21.847645
228|43466|8208;9276;9820|-12231;3910;3290|21.847645
229|43467|8144;9192;10076|-13071;3947;3458|21.847645
230|43468|8032;9204;10252|-13470;3935;3516|21.847645
231|43495|8112;7872;12108|-22980;2625;5364|21.847645
232|43496|8056;7820;12104|-23280;2575;5458|21.847645
233|43498|8044;7600;12128|-23856;2477;5608|21.847645
234|43499|7936;7528;12264|-24138;2404;5695|21.847645
235|43500|7996;7424;12164|-24420;2350;5736|21.847645
236|43501|7856;7360;12144|-24675;2290;5809|21.847645
237|43502|7924;7348;12268|-24933;2241;5894|21.847645
238|43504|7892;7164;12172|-25482;2120;6024|21.847645
239|43505|7912;7072;12264|-25721;2061;6078|21.753529
240|43506|7904;6976;12288|-25980;2015;6146|21.941765
241|43535|7588;4452;12688|-30894;1228;6762|21.753529
242|43536|7676;4316;12652|-30931;1203;6781|21.847645
243|43538|7636;4184;12628|-30973;1208;6798|21.847645
244|43539|7600;4080;12600|-30992;1196;6817|21.753529
245|43540|7632;4068;12620|-31000;1183;6810|21.847645
246|43541|7644;3900;12672|-30984;1158;6810|21.847645
247|43542|7684;3752;12700|-30972;1159;6781|21.847645
248|43544|7840;3676;12548|-30953;1162;6776|21.847645
249|43545|7880;3464;12444|-30928;1135;6764|21.753529
250|43572|8184;2000;12412|-29636;1186;6377|21.753529
251|43573|8160;1924;12292|-29568;1225;6351|21.847645
252|43574|8328;1868;12144|-29455;1267;6343|21.847645
253|43576|8276;1744;12204|-29416;1285;6321|21.753529
254|43577|8208;1660;12400|-29366;1317;6318|21.847645
255|43578|8216;1572;12172|-29294;1326;6303|21.941765
256|43579|8188;1480;12356|-29170;1337;6257|21.847645
257|43581|8160;1428;12412|-29129;1346;6238|21.847645
258|43582|8228;1436;12296|-29099;1353;6203|21.847645
259|43583|8120;1464;12404|-29020;1361;6156|21.847645
260|43612|7784;-480;13000|-24629;911;4985|21.847645
261|43613|7824;-572;13004|-24193;841;4913|21.847645
262|43614|7864;-608;13028|-23986;803;4875|21.847645
263|43616|7872;-660;12920|-23753;795;4802|21.941765
264|43617|7852;-640;12828|-23532;782;4746|21.847645
265|43618|7832;-704;12684|-23093;737;4689|21.847645
266|43619|8032;-784;12624|-22873;728;4680|21.941765
267|43621|8200;-780;12564|-22638;740;4625|21.847645
268|43622|8068;-900;12428|-22416;736;4578|21.847645
269|43623|8100;-1000;12420|-21954;774;4518|21.847645
270|43650|8104;-1764;10816|-15241;1593;3336|21.847645
271|43651|8084;-1732;10880|-15012;1641;3281|21.847645
272|43653|8044;-1788;11040|-14796;1701;3211|21.847645
273|43654|8028;-1776;10988|-14567;1765;3182|21.847645
274|43655|7864;-1772;10924|-14110;1861;3090|21.847645
275|43656|7880;-1712;10940|-13872;1920;3068|21.753529
276|43658|7960;-1804;10828|-13657;1978;3007|21.847645
277|43659|7828;-1800;10780|-13454;2029;2944|21.847645
278|43660|7880;-1824;10848|-13040;2121;2881|21.847645
279|43689|6944;-1484;9488|-8818;3315;2409|21.847645
280|43690|7016;-1460;9380|-8765;3396;2400|21.847645
281|43691|7012;-1408;9316|-8703;3491;2381|21.847645
282|43693|7028;-1380;9248|-8619;3568;2388|21.847645
283|43694|6960;-1124;9172|-8503;3744;2397|21.847645
284|43695|6996;-1108;9012|-8442;3840;2433|21.847645
285|43696|7280;-1056;8720|-8443;3918;2459|21.847645
286|43698|7316;-1116;8696|-8405;4027;2473|21.941765
287|43699|7404;-932;8676|-8280;4218;2547|21.753529
288|43700|7300;-848;8664|-8255;4325;2538|21.847645
289|43727|6644;-96;9584|-7245;6706;3872|21.941765
290|43728|6736;-96;9748|-7171;6774;3939|21.847645
291|43730|6840;-84;9932|-7130;6818;4060|21.847645
292|43731|6924;-152;10096|-7088;6907;4254|21.847645
293|43732|6972;-248;10132|-7088;6974;4342|21.941765
294|43733|6940;-272;10112|-7073;7045;4436|21.847645
295|43734|6744;-220;10116|-7042;7093;4512|21.847645
296|43736|6620;-292;10164|-7043;7185;4672|21.847645
297|43737|6524;-268;10180|-7059;7250;4732|21.847645
298|43738|6648;-316;10336|-7069;7296;4780|21.941765
299|43767|6212;-2224;12024|-6984;8723;5876|21.847645
300|43768|6124;-2256;12128|-6967;8728;5877|21.847645
301|43770|5992;-2376;12300|-6867;8790;5943|21.847645
302|43771|5980;-2444;12256|-6813;8812;5960|21.847645
303|43772|6020;-2484;12404|-6773;8835;5980|21.753529
304|43773|6132;-2640;12372|-6728;8845;6007|21.753529
305|43774|6032;-2680;12560|-6630;8906;6059|21.847645
306|43776|6112;-2708;12668|-6589;8936;6086|21.847645
307|43777|6092;-2768;12596|-6536;8959;6085|21.847645
308|43778|6108;-2876;12848|-6479;8974;6113|21.847645
309|43805|5472;-4852;16512|-5927;8359;5976|21.847645
310|43806|5524;-5068;16672|-5849;8187;5900|21.847645
311|43808|5440;-5136;16660|-5818;8113;5888|21.753529
312|43809|5436;-5136;16708|-5777;8059;5872|21.847645
313|43810|5416;-5172;16816|-5719;8012;5840|21.753529
314|43811|5292;-5224;16756|-5569;7843;5763|21.941765
315|43813|5296;-5252;16820|-5516;7767;5734|21.847645
316|43814|5260;-5276;16860|-5454;7688;5685|21.847645
317|43815|5276;-5152;16824|-5376;7614;5680|21.847645
318|43844|4944;-6980;16796|-1713;6534;5219|21.847645
319|43845|4876;-7196;16704|-1429;6409;5152|21.847645
320|43846|4828;-7172;16700|-1275;6371;5057|21.847645
321|43848|4808;-7300;16648|-1126;6323;4981|21.847645
322|43849|4816;-7300;16556|-964;6282;4901|21.847645
323|43850|4824;-7356;16680|-651;6187;4772|21.847645
324|43851|4864;-7264;16500|-484;6151;4684|21.847645
325|43853|4780;-7304;16444|-281;6112;4596|21.847645
326|43854|4800;-7324;16468|-86;6088;4495|21.941765
327|43855|4828;-7348;16340|323;6012;4381|21.847645
328|43883|4804;-6960;15496|7704;4901;1942|21.847645
329|43884|4708;-7096;15584|8328;4820;1737|21.847645
330|43885|4764;-6988;15636|8638;4774;1653|21.941765
331|43886|4632;-6976;15660|8933;4735;1549|21.941765
332|43888|4712;-7064;15604|9196;4669;1492|21.847645
333|43889|4536;-7232;15868|9765;4586;1289|21.847645
334|43890|4480;-7244;15856|10058;4521;1191|21.847645
335|43891|4380;-7196;15772|10345;4441;1109|21.847645
336|43893|4284;-7308;15908|10627;4374;992|21.941765
337|43894|4316;-7220;16056|11133;4246;802|21.847645
338|43923|4252;-5824;15624|16476;3080;-2523|21.847645
339|43924|4344;-5708;15716|16859;3016;-2670|21.847645
340|43925|4336;-5568;15624|17051;2990;-2756|21.847645
341|43926|4356;-5456;15624|17248;2966;-2861|21.847645
342|43928|4320;-5300;15612|17432;2931;-2937|21.753529
343|43929|4236;-5040;15672|17795;2889;-3116|21.847645
344|43930|4276;-4916;15552|17972;2861;-3191|21.847645
345|43931|4308;-4880;15604|18167;2850;-3248|21.847645
346|43933|4328;-4764;15664|18369;2834;-3315|21.847645
347|43934|4312;-4532;15540|18731;2800;-3472|21.847645
348|43961|4392;-2476;16572|24124;2188;-4793|21.847645
349|43962|4424;-2392;16664|24306;2134;-4811|21.753529
350|43963|4460;-2220;16644|24480;2072;-4838|21.847645
351|43965|4448;-2284;16764|24821;1967;-4896|21.847645
352|43966|4424;-2276;16796|25000;1922;-4956|21.941765
353|43967|4452;-2140;16676|25180;1840;-5009|21.941765
354|43968|4512;-2008;16768|25376;1787;-5047|21.847645
355|43970|4488;-1992;16664|25697;1691;-5190|21.847645
356|43971|4572;-1992;16780|25872;1660;-5253|21.847645
357|44000|4740;-372;17960|32583;-418;-6984|21.753529
358|44001|4820;-264;17992|32767;-509;-7072|21.753529
359|44002|4904;-272;18020|32767;-599;-7135|21.941765
360|44003|4820;-104;18088|32767;-705;-7171|21.847645
361|44005|4800;-80;18080|32767;-896;-7312|21.847645
362|44006|4816;40;18144|32767;-1016;-7399|21.847645
363|44007|4992;172;18248|32767;-1139;-7466|21.847645
364|44008|4760;264;18260|32767;-1242;-7524|21.941765
365|44010|4844;532;18384|32767;-1448;-7645|21.847645
366|44011|4632;672;18524|32767;-1572;-7668|21.847645
367|44038|4840;3960;16696|32767;-3980;-7999|21.847645
368|44039|4768;4116;16696|32767;-4074;-7997|21.847645
369|44040|4840;4356;16572|32767;-4127;-7981|21.847645
370|44042|4908;4532;16584|32767;-4127;-7979|21.847645
371|44043|4832;4684;16412|32767;-4158;-7962|21.847645
372|44044|4600;4744;16340|32767;-4225;-7952|21.847645
373|44045|4868;5000;16304|32767;-4292;-7892|21.753529
374|44046|4728;5044;16228|32767;-4334;-7838|21.753529
375|44048|5072;5268;16012|32767;-4376;-7770|21.847645
376|44077|4564;7428;15144|32767;-5146;-6654|21.847645
377|44078|4592;7488;15120|32767;-5160;-6643|21.847645
378|44079|4472;7484;15164|32767;-5191;-6614|21.753529
379|44080|4468;7848;15096|32767;-5328;-6543|21.941765
380|44082|4340;7972;15136|32767;-5437;-6533|21.847645
381|44083|4520;8132;15084|32767;-5523;-6488|21.847645
382|44084|4732;8176;14972|32767;-5593;-6438|21.847645
383|44085|4808;8504;14900|32767;-5788;-6376|21.847645
384|44086|4960;8764;14612|32767;-5828;-6290|21.847645
385|44088|4764;8924;14628|32767;-5865;-6213|21.847645
386|44115|4240;12680;12296|32767;-7184;-2781|21.753529
387|44116|4092;13092;12224|32767;-7141;-2428|21.847645
388|44117|4168;12908;12508|32767;-7127;-2291|21.847645
389|44118|3840;13104;12276|32767;-7164;-2103|21.847645
390|44120|4300;12968;12304|32767;-7154;-1935|21.941765
391|44121|4244;12932;12032|32767;-7142;-1561|21.847645
392|44122|4680;12908;12012|32767;-7161;-1422|21.847645
393|44123|4456;12940;11972|32767;-7184;-1307|21.847645
394|44125|4716;12796;12024|32767;-7180;-1214|21.847645
395|44154|4448;13216;11200|20156;-6968;2052|21.847645
396|44155|4412;13288;11248|19080;-6970;2240|21.847645
397|44156|4596;13284;11268|18543;-6969;2356|21.941765
398|44157|4764;13268;11388|18016;-6966;2427|21.847645
399|44158|4636;13184;11368|17503;-6993;2496|21.847645
400|44160|4740;13268;11252|16448;-7098;2676|21.941765
401|44161|4756;13248;11368|15917;-7076;2775|21.847645
402|44162|4664;13488;11172|15371;-7084;2919|21.847645
403|44163|4644;13568;11132|14855;-7091;3047|21.847645
404|44190|4820;13692;9852|-1337;-7443;6030|21.941765
405|44192|4840;13532;9856|-2500;-7444;6213|21.847645
406|44193|4832;13528;9676|-3041;-7448;6273|21.847645
407|44194|4788;13432;9552|-3603;-7447;6350|21.847645
408|44195|4796;13404;9580|-4134;-7450;6435|21.753529
409|44197|4928;13168;9572|-5138;-7432;6581|21.847645
410|44198|4940;13152;9496|-5614;-7440;6650|21.847645
411|44199|4992;12980;9488|-6063;-7450;6729|21.941765
412|44200|4996;12840;9352|-6489;-7444;6799|21.753529
413|44202|5148;12576;9432|-7301;-7473;6887|21.847645
414|44230|5860;10764;8380|-11340;-7255;7478|21.941765
415|44232|5804;10652;8204|-11367;-7235;7483|21.847645
416|44233|5764;10716;8412|-11366;-7189;7485|21.847645
417|44234|5748;10712;8348|-11376;-7163;7472|21.941765
418|44235|5868;10644;8520|-11427;-7109;7429|21.941765
419|44237|5916;10652;8500|-11466;-7080;7406|21.941765
420|44238|5920;10652;8432|-11504;-7055;7416|21.753529
421|44239|5884;10696;8532|-11513;-7036;7439|21.847645
422|44240|5912;10568;8612|-11565;-6970;7444|21.847645
423|44242|5816;10564;8700|-11598;-6947;7473|21.847645
424|44269|6616;9936;8192|-14367;-6078;7391|21.847645
425|44270|6720;9908;8188|-14556;-6021;7389|21.847645
426|44271|6708;9796;8184|-14752;-5958;7418|21.847645
427|44272|6676;9760;8268|-15171;-5842;7409|21.847645
428|44274|6656;9820;8336|-15371;-5780;7401|21.847645
429|44275|6696;9824;8324|-15572;-5726;7426|21.847645
430|44276|6700;9856;8236|-15799;-5669;7448|21.847645
431|44277|6708;9940;8296|-16239;-5603;7426|21.847645
432|44279|6688;9940;8284|-16464;-5553;7432|21.847645
433|44307|7264;8468;7796|-21248;-4760;7311|21.941765
434|44309|7320;8376;7812|-21361;-4713;7263|21.941765
435|44310|7332;8340;7924|-21463;-4675;7234|21.847645
436|44311|7264;8220;7864|-21685;-4549;7169|21.847645
437|44312|7264;8164;7952|-21785;-4487;7152|21.847645
438|44314|7160;8268;8136|-21870;-4427;7108|21.941765
439|44315|7144;8180;8212|-21966;-4365;7086|21.753529
440|44316|7028;8168;8144|-22179;-4277;7092|21.847645
441|44317|7000;8072;8136|-22271;-4221;7045|21.847645
442|44319|7000;8132;8228|-22376;-4187;7031|21.847645
443|44346|7440;7420;8972|-25171;-3176;6957|21.847645
444|44347|7440;7380;8912|-25317;-3165;6942|21.847645
445|44348|7392;7272;8884|-25548;-3086;6999|21.847645
446|44349|7304;7176;8764|-25673;-3061;7012|21.753529
447|44351|7284;7212;8812|-25798;-3045;6999|21.753529
448|44352|7332;7156;8872|-25933;-3006;7010|21.941765
449|44353|7296;6920;8852|-26164;-2906;6994|21.753529
450|44354|7312;6828;8780|-26274;-2871;6958|21.847645
451|44355|7196;6616;8724|-26385;-2859;6954|21.847645
452|44357|7256;6576;8728|-26501;-2821;6973|21.847645
453|44386|7952;4728;7660|-28591;-1024;6083|21.847645
454|44387|8060;4728;7808|-28683;-835;6043|21.847645
455|44388|8112;4772;7656|-28734;-747;6004|21.847645
456|44389|8176;4748;7672|-28759;-660;5981|21.847645
457|44391|8092;4696;7652|-28785;-567;5968|21.847645
458|44392|8384;4704;7760|-28802;-384;5947|21.847645
459|44393|8324;4720;7868|-28839;-302;5908|21.847645
460|44394|8284;4684;7920|-28868;-207;5887|21.847645
461|44395|8228;4712;7912|-28860;-113;5869|21.847645
462|44422|8136;3772;9980|-27893;1024;6270|21.753529
463|44424|8244;3536;9960|-27790;1091;6293|21.847645
464|44425|8292;3492;10032|-27740;1110;6301|22.035881
465|44426|8328;3392;10052|-27688;1139;6307|21.847645
466|44427|8276;3300;9948|-27655;1165;6332|21.847645
467|44429|8460;3248;10180|-27602;1212;6398|21.847645
468|44430|8364;3156;10172|-27558;1275;6419|21.847645
469|44431|8412;3060;10212|-27529;1312;6465|21.941765
470|44432|8372;2980;10172|-27525;1329;6481|21.847645
471|44434|8392;2852;10396|-27534;1390;6511|21.847645
472|44462|8284;1588;9676|-28831;3180;6770|21.847645
473|44464|8200;1520;9588|-28838;3242;6786|21.753529
474|44465|8180;1408;9528|-28845;3337;6784|21.847645
475|44466|8260;1368;9528|-28837;3431;6787|21.941765
476|44467|8232;1264;9336|-28774;3583;6813|21.941765
477|44469|8288;1152;9352|-28738;3671;6815|21.847645
478|44470|8348;1076;9256|-28699;3754;6819|21.847645
479|44471|8396;960;9228|-28621;3859;6829|21.847645
480|44472|8304;784;9372|-28446;4018;6822|21.941765
481|44474|8468;644;9312|-28367;4112;6813|21.847645
482|44501|7652;-2036;11300|-23581;5472;6713|21.847645
483|44502|7648;-2032;11256|-23422;5503;6696|21.847645
484|44503|7680;-2088;11448|-23279;5538;6671|21.847645
485|44504|7796;-2248;11688|-22967;5550;6623|21.753529
486|44506|7788;-2368;11916|-22828;5563;6585|21.847645
487|44507|7764;-2416;11876|-22673;5558;6545|21.847645
488|44508|7768;-2532;12024|-22527;5548;6507|21.753529
489|44509|7516;-2920;12348|-22295;5508;6398|21.847645
490|44511|7344;-2904;12304|-22166;5484;6368|21.941765
491|44512|7492;-2800;12396|-22023;5485;6357|21.847645
492|44541|7212;-4096;12136|-19880;4712;5071|21.847645
493|44542|7192;-4132;12040|-19804;4746;5061|21.941765
494|44543|7140;-4116;11892|-19610;4763;4940|21.847645
495|44544|7236;-4192;11736|-19503;4793;4928|21.847645
496|44546|7168;-4140;11676|-19416;4809;4903|21.941765
497|44547|7168;-4068;11648|-19314;4840;4900|21.941765
498|44548|7232;-4056;11468|-19107;4885;4897|21.753529
499|44549|7328;-4036;11420|-19001;4937;4874|21.753529
500|44551|7272;-4092;11228|-18889;5003;4851|21.941765
501|44578|6296;-3152;8692|-13686;7311;5277|21.753529
502|44579|6400;-3124;8656|-13451;7409;5269|21.847645
503|44580|6596;-3336;8804|-12991;7617;5317|21.847645
504|44581|6512;-3408;8816|-12771;7742;5302|21.847645
505|44582|6364;-3464;8800|-12552;7853;5312|21.847645
506|44584|6456;-3512;8912|-12278;7984;5312|21.847645
507|44585|6300;-3672;9156|-11709;8214;5324|21.941765
508|44586|6236;-3672;9208|-11421;8340;5316|21.847645
509|44587|6272;-3836;9376|-11131;8448;5296|21.847645
510|44589|6356;-3912;9520|-10844;8518;5321|21.847645
511|44618|5372;-5060;12288|-3134;7902;4598|21.847645
512|44619|5388;-5020;12280|-2544;7839;4509|21.941765
513|44620|5380;-5012;12088|-2233;7810;4453|21.941765
514|44621|5420;-5036;11932|-1916;7788;4387|21.941765
515|44622|5552;-4928;11832|-1580;7791;4335|21.847645
516|44624|5512;-4952;11496|-860;7799;4225|21.847645
517|44625|5556;-4868;11372|-487;7816;4150|21.847645
518|44626|5504;-4844;11192|-101;7844;4070|21.847645
519|44627|5572;-4728;10832|296;7865;4031|21.847645
520|44654|4488;-2592;6992|14390;11901;3538|21.847645
521|44656|4372;-2508;7032|15341;12293;3571|21.847645
522|44657|4384;-2480;7188|15806;12491;3590|21.941765
523|44658|4504;-2492;7316|16276;12677;3613|21.941765
524|44659|4656;-2544;7484|16721;12883;3627|21.847645
525|44661|4664;-2764;8112|17539;13261;3661|21.941765
526|44662|4652;-2856;8388|17915;13436;3674|21.847645
527|44663|4792;-3044;8808|18265;13613;3688|21.847645
528|44664|4836;-3148;9160|18590;13777;3704|21.941765
529|44666|4860;-3588;9976|19152;14024;3710|21.847645
530|44694|3944;-5948;20572|17105;10649;339|21.753529
531|44696|4100;-5752;20652|16878;10453;178|21.847645
532|44697|4108;-5648;20652|16690;10279;46|21.847645
533|44698|4212;-5744;20696|16511;10098;-121|21.847645
534|44699|4196;-5332;20664|16185;9728;-418|21.847645
535|44701|4164;-5196;20648|16041;9551;-521|21.847645
536|44702|4168;-5072;20604|15900;9390;-638|21.753529
537|44703|4220;-5000;20552|15781;9231;-786|21.753529
538|44704|4104;-4644;20344|15611;8906;-1032|21.847645
539|44706|4156;-4508;20344|15545;8757;-1126|21.847645
540|44733|5416;-568;18440|19589;8035;-1999|21.847645
541|44734|5432;-520;18584|19897;8043;-1960|21.847645
542|44735|5388;-460;18804|20210;8066;-1898|21.847645
543|44736|5424;-400;18884|20853;8082;-1865|21.847645
544|44738|5384;-356;19096|21180;8081;-1865|21.753529
545|44739|5320;-404;19408|21506;8071;-1824|21.847645
546|44740|5264;-532;19792|21858;8064;-1791|21.847645
547|44741|4912;-464;20228|22516;7981;-1705|21.847645
548|44743|4900;-620;20560|22821;7917;-1700|21.847645
549|44771|4608;-2804;24292|27924;2511;-3084|21.847645
550|44773|4584;-2864;24312|27968;2267;-3198|21.847645
551|44774|4560;-2900;24304|28020;2054;-3322|21.941765
552|44775|4420;-2860;24092|28082;1592;-3601|21.847645
553|44776|4352;-2780;24044|28109;1384;-3751|21.847645
554|44778|4364;-2788;23948|28144;1180;-3909|21.847645
555|44779|4348;-2772;23684|28178;983;-4054|21.847645
556|44780|4300;-2648;23512|28298;541;-4330|21.753529
557|44781|4344;-2512;23304|28355;384;-4492|21.753529
558|44783|4296;-2292;23064|28404;201;-4628|21.753529
559|44809|4260;1788;19680|30245;-3032;-6264|21.847645
560|44811|4240;1892;19668|30329;-3086;-6280|21.847645
561|44812|2756;12;15652|29241;-3500;-6563|21.753529
562|44813|10764;-19660;6728|24072;-1813;-8820|21.941765
563|44814|-7152;-1640;17920|21455;-1240;-7021|21.847645
564|44816|7672;7044;13276|19088;-2425;-7130|21.847645
565|44817|2376;344;14500|17649;-2831;-6838|21.847645
566|44818|5848;-5748;14528|15608;-1232;-7459|21.847645
567|44819|-5104;6000;15900|13455;-2299;-6817|21.847645
568|44848|-1368;10744;12896|15022;-6292;-2863|21.847645
569|44849|1524;5680;20876|16380;-6289;-2372|21.847645
570|44851|-824;2540;10140|15708;-6792;-3022|21.941765
571|44852|8028;-2940;25020|16667;-5638;-2917|21.847645
572|44853|-1408;9268;8444|15470;-6912;-2339|21.847645
573|44854|9804;1236;24556|16671;-6260;-2724|21.941765
574|44856|5476;5776;19520|18273;-6770;-1776|21.847645
575|44857|5536;5844;17900|19172;-6666;-2051|21.941765
576|44858|800;7668;14212|19672;-7062;-1587|21.941765
577|44859|8716;3472;20900|20905;-6568;-1876|21.847645
578|44886|3984;3152;14416|29789;-6856;-2999|21.847645
579|44888|4288;3080;14480|29893;-6777;-3247|21.847645
580|44889|2968;3940;13192|29855;-6860;-3293|21.847645
581|44890|4164;3456;14428|29959;-6782;-3390|21.753529
582|44891|3328;4116;13348|29947;-6823;-3440|21.847645
583|44893|3552;3908;13716|29963;-6764;-3609|21.847645
584|44894|3320;4084;13704|29943;-6746;-3695|21.847645
585|44895|3620;3808;13988|29954;-6682;-3796|21.753529
586|44896|2908;4336;13484|29894;-6720;-3842|21.847645
587|44925|3768;7788;11848|25799;-6810;-4177|21.847645
588|44926|3736;7968;11608|25356;-6731;-4050|21.847645
589|44928|3528;7960;11764|25155;-6686;-3992|21.753529
590|44929|3592;8040;11536|24939;-6652;-3966|21.847645
591|44930|3552;8228;11324|24690;-6618;-3925|21.753529
592|44931|3656;8320;11416|24201;-6481;-3828|21.847645
593|44933|3760;8372;11332|23964;-6450;-3754|21.847645
594|44934|3604;8576;11136|23712;-6440;-3699|21.847645
595|44935|3720;8536;11024|23480;-6399;-3653|21.847645
596|44936|3820;8672;11060|22977;-6308;-3555|21.753529
597|44963|4456;9728;9868|16285;-5680;-1500|21.847645
598|44965|4368;9592;9940|16023;-5634;-1443|21.847645
599|44966|4336;9624;9968|15748;-5559;-1359|21.847645
600|44967|4304;9608;9960|15458;-5507;-1265|21.847645
601|44968|4400;9724;9968|14880;-5429;-1191|21.753529
602|44970|4444;9716;9724|14559;-5346;-1130|21.847645
603|44971|4484;9724;9532|14296;-5245;-1028|21.847645
604|44972|4440;9516;9656|14119;-5177;-975|21.847645
605|44973|4412;9376;10580|13503;-5111;-880|21.753529
606|45002|4556;9480;11240|3369;-4342;5|21.753529
607|45003|4528;9584;11260|2980;-4372;44|21.753529
608|45005|4568;9652;11416|2602;-4379;74|21.941765
609|45006|4564;9848;11300|2199;-4383;105|21.847645
610|45007|4592;9920;11144|1405;-4413;136|21.847645
611|45008|4644;9876;11300|1021;-4445;139|21.847645
612|45010|4664;9968;11356|642;-4455;175|21.847645
613|45011|4676;10024;11372|241;-4449;219|21.941765
614|45012|4808;10220;11396|-526;-4487;284|21.753529
615|45013|4744;10220;11632|-889;-4484;336|21.847645
616|45040|5268;11520;12296|-9747;-4854;2014|21.847645
617|45042|5244;11528;12248|-10039;-4890;2099|21.941765
618|45043|5224;11544;12336|-10342;-4931;2157|21.847645
619|45044|5220;11692;12204|-10914;-4943;2271|21.847645
620|45045|5224;11676;12208|-11214;-4966;2337|21.847645
621|45047|5256;11748;12096|-11516;-4970;2417|21.847645
622|45048|5304;11720;12212|-11836;-4977;2518|21.847645
623|45049|5360;11884;12176|-12443;-5050;2663|21.847645
624|45050|5388;11860;12224|-12736;-5054;2730|21.941765
625|45052|5496;11896;12172|-13044;-5044;2815|21.847645
626|45080|5992;11460;13012|-24283;-5259;5722|21.847645
627|45082|5968;11416;13088|-24730;-5281;5801|21.847645
628|45083|5976;11384;13028|-25660;-5336;5982|21.847645
629|45084|6008;11328;12972|-26138;-5333;6043|21.847645
630|45085|5980;11284;13068|-26616;-5366;6118|21.847645
631|45087|5968;11288;13032|-27081;-5404;6203|21.847645
632|45088|5988;11052;12932|-28011;-5405;6349|21.847645
633|45089|5880;11088;12852|-28470;-5424;6433|21.847645
634|45090|5988;11132;12876|-28963;-5462;6492|21.847645
635|45118|6500;9636;12140|-32768;-6009;8561|21.847645
636|45119|6472;9468;12076|-32768;-6040;8628|21.847645
637|45120|6488;9296;12096|-32768;-6061;8702|21.847645
638|45122|6552;9140;12080|-32768;-6081;8788|21.847645
639|45123|6684;8780;11960|-32768;-6082;8918|21.847645
640|45124|6692;8728;11980|-32768;-6115;8970|21.847645
641|45125|6664;8596;11856|-32768;-6161;9020|21.847645
642|45127|6832;8508;11692|-32768;-6160;9086|21.847645
643|45128|6664;8052;11580|-32768;-6173;9240|21.847645
644|45129|6812;7952;11480|-32768;-6170;9290|21.847645
645|45158|6336;3516;9312|-32768;-4822;9336|21.847645
646|45159|6340;3384;9312|-32768;-4739;9304|21.847645
647|45160|6228;3280;9224|-32768;-4664;9267|21.753529
648|45162|6384;3136;9148|-32768;-4527;9241|21.847645
649|45163|6424;2924;9144|-32768;-4470;9204|21.847645
650|45164|6500;2936;9192|-32768;-4383;9157|21.847645
651|45165|6600;2728;9256|-32768;-4280;9116|21.753529
652|45167|6508;2560;9124|-32768;-4166;9042|21.847645
653|45168|6588;2492;9032|-32768;-4096;8955|21.847645
654|45195|6008;448;8108|-32768;-1972;8359|21.941765
655|45196|6124;560;7960|-32768;-1847;8316|21.847645
656|45197|6136;352;8008|-32768;-1739;8270|21.847645
657|45199|6080;156;7860|-32768;-1581;8212|21.847645
658|45200|6092;140;7672|-32768;-1432;8158|21.847645
659|45201|6032;32;7712|-32768;-1301;8108|21.753529
660|45202|6068;-136;7620|-32768;-1205;8091|21.847645
661|45204|6220;-356;7580|-32768;-980;7999|21.847645
662|45205|6224;-404;7448|-32768;-886;7961|21.847645
663|45206|6268;-528;7388|-32768;-772;7930|21.847645
664|45235|6176;-3160;6560|-26167;2044;6656|21.847645
665|45236|6232;-3216;6644|-25699;2171;6574|21.847645
666|45237|6148;-3352;6724|-24719;2410;6448|21.847645
667|45239|6188;-3504;6716|-24219;2578;6374|21.753529
668|45240|6292;-3608;6684|-23718;2698;6270|21.753529
669|45241|6212;-3732;6752|-23203;2789;6182|21.847645
670|45242|6272;-3860;6832|-22138;3042;6063|21.941765
671|45244|6248;-3928;6820|-21602;3149;5990|21.847645
672|45245|6456;-3900;6744|-21104;3235;5941|21.847645
673|45246|6964;-3944;6912|-20629;3400;5894|21.847645
674|45273|5820;-5332;8904|-6083;5730;3876|21.847645
675|45274|6056;-5236;9080|-5043;5801;3719|21.847645
676|45275|6216;-5112;9068|-4568;5851;3650|21.847645
677|45277|6296;-5056;9080|-4092;5933;3592|21.847645
678|45278|6196;-5180;9252|-3625;6003;3527|21.847645
679|45279|5904;-5292;9444|-2673;6098;3430|21.847645
680|45280|5912;-5440;9556|-2215;6145;3357|21.847645
681|45282|5872;-5448;9644|-1742;6216;3271|21.941765
682|45283|5764;-5380;9784|-1263;6283;3204|21.847645
683|45284|5632;-5508;9784|-347;6364;3050|21.847645
684|45313|5816;-5408;11864|8707;8019;749|21.847645
685|45314|5876;-5320;12000|8952;8054;678|21.753529
686|45315|5816;-5196;12236|9190;8069;602|21.941765
687|45317|5872;-5148;12276|9426;8085;528|21.847645
688|45318|5836;-4980;12472|9844;8164;435|21.941765
689|45319|5688;-4996;12644|10043;8191;367|21.847645
690|45320|5524;-4920;12772|10255;8227;305|21.941765
691|45322|5424;-4928;12932|10468;8269;224|21.847645
692|45323|5420;-4772;13112|10842;8279;109|21.847645
693|45324|5512;-4672;13300|11043;8321;82|21.847645
694|45351|5004;-3268;13632|15260;8528;-602|21.847645
695|45352|5172;-3284;13580|15416;8571;-645|21.847645
696|45354|5300;-3096;13632|15531;8620;-663|21.847645
697|45355|5292;-2928;13536|15769;8688;-671|21.847645
698|45356|5228;-2872;13600|15879;8748;-671|21.847645
699|45357|5116;-2848;13564|15988;8790;-670|21.847645
700|45359|5124;-2776;13424|16083;8810;-691|21.847645
701|45360|5088;-2628;13436|16265;8930;-736|21.847645
702|45361|5124;-2632;13496|16353;8990;-730|21.753529
703|45390|4580;-1540;15692|18274;9551;-1295|21.847645
704|45391|4432;-1512;15948|18314;9509;-1303|21.847645
705|45392|4592;-1420;15900|18330;9478;-1317|21.847645
706|45394|4344;-1288;16204|18333;9408;-1378|21.941765
707|45395|4552;-1256;16224|18338;9359;-1373|21.847645
708|45396|4528;-1340;16356|18321;9341;-1378|21.847645
709|45397|4396;-1192;16580|18325;9298;-1381|21.847645
710|45399|4476;-1172;16676|18261;9221;-1436|21.847645
711|45400|4428;-1168;16808|18255;9160;-1432|21.847645
712|45401|4472;-1128;16908|18243;9067;-1431|21.847645
713|45428|3972;-100;17708|16409;7269;-1484|21.847645
714|45429|3932;-140;17660|16325;7209;-1489|21.847645
715|45431|3860;-156;17596|16123;7088;-1468|21.847645
716|45432|3928;-60;17480|16046;7029;-1449|21.847645
717|45433|3924;32;17380|15972;6978;-1432|21.847645
718|45434|3960;-144;17320|15863;6954;-1408|21.753529
719|45435|3920;-12;17372|15713;6928;-1388|21.941765
720|45437|3856;-104;17248|15615;6914;-1359|21.847645
721|45438|3944;-28;17188|15522;6901;-1319|21.847645
722|45467|4088;656;18624|11163;7279;-1077|21.847645
723|45468|4048;708;18792|10952;7288;-1103|21.941765
724|45469|4020;748;19060|10524;7282;-1107|21.847645
725|45471|3936;740;19284|10319;7246;-1091|21.847645
726|45472|3856;848;19400|10111;7202;-1084|21.941765
727|45473|3856;916;19548|9888;7137;-1096|21.941765
728|45474|3684;1008;20052|9445;6974;-1043|21.753529
729|45475|3624;1152;20224|9213;6891;-1026|21.847645
730|45477|3644;1304;20224|8987;6787;-1031|21.847645
731|45478|3724;1424;20380|8761;6672;-1026|21.847645
732|45505|4096;1576;21272|2644;2143;314|21.941765
733|45506|3848;1472;21260|2208;1784;424|21.941765
734|45507|3904;1432;21116|1997;1601;470|21.847645
735|45509|3920;1456;21156|1780;1429;513|21.847645
736|45510|3940;1320;21088|1570;1266;549|21.847645
737|45511|3792;1076;20876|1132;934;614|21.847645
738|45512|3816;1104;20804|916;762;628|21.847645
739|45514|3884;1008;20784|712;598;675|21.847645
740|45515|3844;868;20632|519;447;712|21.847645
741|45516|3684;744;20368|127;150;734|21.941765
742|45517|3540;732;20340|-76;-2;767|21.847645
743|45546|2920;120;15804|-3467;-2252;298|21.847645
744|45547|2936;112;15460|-3484;-2267;301|21.847645
745|45549|2964;164;15376|-3501;-2301;310|21.753529
746|45550|2912;196;14888|-3497;-2276;244|21.847645
747|45551|2936;236;14760|-3453;-2262;215|21.847645
748|45552|2988;140;14644|-3424;-2246;223|21.847645
749|45554|2952;148;14616|-3400;-2220;187|21.753529
750|45555|2984;260;14240|-3323;-2189;164|21.847645
751|45556|2972;204;14052|-3234;-2187;180|21.753529
752|45557|2872;252;13984|-3154;-2166;177|21.753529
753|45584|3084;236;11856|-660;-283;-46|21.847645
754|45586|3012;244;11704|-609;-191;-79|21.847645
755|45587|3040;208;11680|-503;-50;-99|21.847645
756|45588|3024;196;11916|-446;39;-108|21.847645
757|45589|3048;204;12008|-405;128;-115|21.847645
758|45591|3144;236;11848|-373;180;-114|21.847645
759|45592|3004;292;11860|-306;334;-154|21.941765
760|45593|2984;272;11892|-314;427;-144|21.847645
761|45594|2952;332;11812|-303;517;-180|21.941765
762|45596|2924;384;12008|-300;592;-185|21.847645
763|45624|2784;1088;13404|-1764;2495;-514|21.847645
764|45626|2736;1212;13444|-1844;2592;-491|21.847645
765|45627|2692;1236;13540|-1866;2606;-467|21.847645
766|45628|2744;1236;13676|-1909;2644;-472|21.847645
767|45629|2728;1236;13724|-1959;2688;-468|21.847645
768|45631|2768;1412;13816|-2032;2769;-481|21.941765
769|45632|2832;1456;13792|-2065;2826;-481|21.847645
770|45633|2968;1504;13752|-2101;2867;-470|21.847645
771|45634|2952;1604;13796|-2134;2911;-466|21.847645
772|45636|2924;1728;14000|-2157;2958;-464|21.847645
773|45662|2664;2148;15212|-2098;3202;287|21.941765
774|45664|2692;2024;15172|-2032;3190;391|21.847645
775|45665|2792;1892;15364|-1985;3211;488|21.847645
776|45666|2840;1848;15404|-1945;3236;533|21.847645
777|45667|3176;1612;15472|-1908;3239;557|21.847645
778|45669|3496;1704;15632|-1886;3215;538|21.847645
779|45670|3540;1816;15584|-1855;3184;502|21.847645
780|45671|3664;1996;15432|-1815;3163;472|21.941765
781|45672|3736;1888;15672|-1723;3150;557|21.847645
782|45674|3700;1940;15728|-1678;3124;624|21.847645
783|45702|3408;692;16332|-938;1738;806|21.847645
784|45704|3340;600;16532|-842;1749;827|21.847645
785|45705|3476;572;16616|-767;1798;813|21.847645
786|45706|3072;404;17216|-632;1906;812|21.847645
787|45707|3024;456;17208|-561;1892;765|21.941765
788|45709|3044;568;17456|-480;1892;743|21.847645
789|45710|2876;632;17732|-431;1858;717|21.753529
790|45711|2780;568;18064|-397;1777;684|21.847645
791|45712|2772;688;18176|-251;1578;672|21.847645
792|45714|2712;708;18308|-183;1462;663|21.847645
793|45715|2596;716;18368|-124;1344;676|21.753529
794|45742|2604;1160;15780|130;-777;1373|21.847645
795|45743|2592;1224;15540|41;-832;1430|21.847645
796|45744|2580;1156;15420|-2;-806;1470|21.847645
797|45746|2620;1184;15136|-37;-810;1514|21.941765
798|45747|2612;1160;15036|-68;-812;1546|21.847645
799|45748|2364;1400;14600|-209;-889;1577|21.847645
800|45749|2640;1656;14392|-307;-876;1570|21.847645
801|45751|2272;1848;14008|-359;-882;1511|21.847645
802|45752|2160;2028;13588|-369;-911;1455|21.941765
803|45753|2456;1876;12668|-341;-753;1562|21.847645
804|45782|2444;40;13192|-2442;1865;2416|21.847645
805|45783|2252;-72;13476|-2642;1943;2374|21.753529
806|45784|2264;-56;13552|-2766;1992;2334|21.753529
807|45786|2152;-112;13784|-2913;2063;2322|21.941765
808|45787|2108;-180;13912|-3031;2114;2310|21.847645
809|45788|2224;-144;14096|-3312;2164;2252|21.753529
810|45789|2212;-100;14384|-3424;2188;2197|21.847645
811|45791|2272;-208;14512|-3525;2211;2160|21.847645
812|45792|2236;-228;14596|-3661;2250;2131|21.847645
813|45793|2900;-136;14188|-3898;2075;2063|21.847645
814|45820|2936;-392;16136|-9657;1123;2830|21.941765
815|45821|1672;380;14912|-9566;1053;2872|21.847645
816|45823|2752;-212;16116|-9345;1101;2824|21.847645
817|45824|2388;-144;15668|-9029;1061;2785|21.753529
818|45825|2392;60;15380|-8850;1072;2781|21.847645
819|45826|2212;128;15404|-8708;1023;2783|21.847645
820|45827|2576;-60;15552|-8529;1024;2783|21.847645
821|45829|2848;-40;15700|-8222;1016;2823|21.753529
822|45830|2116;468;14856|-8105;978;2847|21.847645
823|45831|2688;120;15512|-7942;1001;2806|21.941765
824|45860|3876;12468;32416|2589;-2027;520|21.847645
825|45861|8556;11700;23380|-1831;-430;1234|21.753529
826|45863|-1272;4752;12248|-3666;96;1938|21.847645
827|45864|3816;-1288;11080|-2602;-711;1636|21.847645
828|45865|-764;-5772;17288|-1375;-684;1267|21.941765
829|45866|-992;-6752;16464|-248;-1352;966|21.847645
830|45867|4352;-4416;14232|927;-927;768|21.753529
831|45869|1108;1004;9536|1389;-530;976|21.847645
832|45870|1832;452;8828|1339;-284;970|21.847645
833|45871|-2684;-116;14496|1040;-1065;1045|21.941765
834|45898|2384;-932;15368|-81;-568;591|21.941765
835|45899|2364;-1400;15464|-82;-585;583|21.847645
836|45901|2668;-1004;15356|-42;-580;562|21.847645
837|45902|2644;-680;15220|-64;-537;540|21.847645
838|45903|2560;-672;15284|-107;-499;562|21.753529
839|45904|2396;-960;15404|-81;-485;524|21.847645
840|45906|2500;-900;15388|-46;-452;533|21.847645
841|45907|2516;-444;15512|-64;-463;562|21.753529
842|45908|2264;-560;15424|-100;-468;552|21.847645
843|45909|2436;-896;15244|-122;-423;528|21.847645
844|45938|2164;-380;15300|-76;-337;350|21.753529
845|45939|2112;-476;15112|-122;-336;345|21.941765
846|45941|2072;-404;15164|-88;-365;333|21.753529
847|45942|2008;-444;15132|-69;-383;329|21.847645
848|45943|2040;-356;15168|-85;-349;319|21.941765
849|45944|2112;-612;15280|-75;-370;320|21.847645
850|45946|2192;-380;15240|-62;-385;345|21.941765
851|45947|2164;-232;15032|-83;-389;338|21.847645
852|45948|2084;-472;15188|-102;-421;349|21.847645
853|45949|2208;-772;15372|-117;-438;348|21.847645
854|45951|2420;-784;15140|-100;-434;308|21.847645
855|45978|2288;-724;15296|-104;-625;149|21.847645
856|45979|2312;-708;14976|-92;-633;137|21.847645
857|45980|2304;-856;14752|-136;-658;107|21.847645
858|45981|2324;-696;15044|-116;-715;116|21.847645
859|45983|2304;-552;15028|-134;-744;76|21.847645
860|45984|2228;-592;14860|-152;-773;19|21.847645
861|45985|2220;-724;14952|-148;-894;-13|21.847645
862|45986|2372;-828;14920|-157;-950;-33|21.847645
863|45988|2328;-996;14812|-160;-978;-70|21.941765
864|45989|2228;-1012;14688|-152;-1062;-140|21.847645
865|46018|2376;-584;15436|-256;-2280;-698|21.847645
866|46019|2512;-524;15292|-239;-2263;-673|21.847645
867|46020|2452;-588;15456|-270;-2230;-688|21.941765
868|46021|2500;-612;15408|-247;-2189;-702|21.941765
869|46023|2388;-444;15276|-250;-2165;-715|21.941765
870|46024|2576;-292;15324|-269;-2143;-752|21.941765
871|46025|2408;-700;15428|-260;-2077;-808|21.941765
872|46026|2428;-640;15292|-251;-2071;-794|21.847645
873|46028|2312;-640;15188|-262;-2062;-778|21.753529
874|46029|2344;-708;15228|-275;-2063;-769|21.847645
875|46056|1532;-276;15140|-363;-1987;-1618|21.847645
876|46057|1932;-236;15104|-377;-2047;-1677|21.753529
877|46058|2052;96;14840|-389;-2107;-1728|21.847645
878|46059|1760;204;14584|-434;-2221;-1780|21.847645
879|46061|1912;176;14888|-451;-2328;-1820|21.941765
880|46062|2388;-528;14948|-424;-2377;-1875|21.847645
881|46063|2708;-808;15036|-411;-2388;-1874|21.753529
882|46064|2740;-704;15336|-399;-2352;-1843|21.847645
883|46066|2744;-516;15256|-407;-2350;-1845|21.847645
884|46094|2560;-332;14764|-515;-3663;-2256|21.847645
885|46096|2784;-560;14556|-541;-3750;-2336|21.941765
886|46097|2844;-620;14628|-537;-3831;-2327|21.941765
887|46098|2680;-448;14744|-517;-3949;-2351|21.847645
888|46099|2728;-332;14452|-525;-4018;-2389|21.847645
889|46101|2620;-480;14812|-583;-4121;-2352|21.941765
890|46102|2592;-536;14652|-564;-4208;-2370|21.941765
891|46103|2564;-628;14712|-523;-4295;-2346|21.753529
892|46104|2476;-512;14612|-520;-4414;-2345|21.847645
893|46106|2592;-604;14528|-551;-4568;-2378|21.847645
894|46133|1132;-652;14368|-714;-8868;-2497|21.847645
895|46134|1176;-328;13880|-679;-9119;-2544|21.847645
896|46135|1212;-76;13764|-753;-9328;-2540|21.847645
897|46136|1356;-320;13712|-876;-9519;-2541|21.847645
898|46138|1068;-1048;15696|-856;-10036;-2650|21.847645
899|46139|688;-2056;16808|-735;-10361;-2809|21.847645
900|46140|-1000;-3936;21040|-335;-10965;-2935|21.847645
901|46141|452;-2408;21648|-133;-11585;-3027|21.847645
902|46143|16;916;13460|-1001;-11900;-3146|21.847645
903|46144|-44;-1988;11932|-1081;-12058;-2997|21.941765
904|46173|976;-784;20192|-776;2127;-995|21.847645
905|46174|1228;-336;21100|-567;1518;-920|21.753529
906|46175|1576;-208;19012|-526;915;-895|21.941765
907|46176|1572;-120;18932|-312;122;-752|21.847645
908|46178|1908;-568;19340|-238;-366;-733|21.847645
909|46179|2284;-708;18112|-101;-747;-673|21.847645
910|46180|2608;-276;16564|-85;-983;-646|21.847645
911|46181|2912;-608;16796|-63;-1315;-637|21.847645
912|46183|3372;-392;16360|-35;-1462;-619|21.941765
913|46184|3452;-556;15636|-50;-1543;-627|21.847645
914|46211|3480;-396;15416|-133;-147;-10|21.941765
915|46212|3472;-428;15428|-124;-210;-25|21.847645
916|46213|3576;-568;15268|-135;-314;-34|21.847645
917|46215|3548;-568;15248|-118;-357;-36|21.847645
918|46216|3480;-560;15312|-128;-397;-29|21.753529
919|46217|3508;-492;15432|-138;-443;-38|21.941765
920|46218|3456;-492;15220|-114;-519;-31|21.847645
921|46219|3544;-428;15304|-128;-535;-49|21.847645
922|46221|3576;-388;15200|-130;-553;-40|21.847645
923|46222|3576;-376;14992|-106;-581;-36|21.941765
924|46251|3748;-492;14960|-140;-55;-17|21.941765
925|46252|3788;-532;15008|-136;-37;-28|21.847645
926|46253|3736;-524;15060|-133;-20;-37|21.847645
927|46255|3708;-476;14976|-128;-20;-18|21.941765
928|46256|3768;-404;14964|-125;-20;-13|21.847645
929|46257|3728;-420;15056|-137;-19;-28|21.847645
930|46258|3632;-512;15036|-150;-32;-11|21.753529
931|46259|3700;-560;15004|-158;-46;-2|21.847645
932|46261|3760;-516;14912|-142;-36;-5|21.941765
933|46262|3696;-408;14912|-138;-57;2|21.753529
934|46289|3736;-424;15008|-136;-197;-16|21.847645
935|46290|3648;-444;14924|-131;-197;-49|21.847645
936|46291|3688;-412;14924|-141;-200;-19|21.847645
937|46293|3696;-536;14900|-164;-195;-22|21.847645
938|46294|3740;-416;14796|-150;-132;-38|21.847645
939|46295|3772;-444;14764|-154;-149;-33|21.847645
940|46296|3736;-428;14784|-150;-138;-31|21.847645
941|46298|3784;-424;14852|-153;-123;-26|21.941765
942|46299|3844;-480;14968|-153;-87;-7|21.847645
943|46300|3836;-412;14976|-158;-67;-19|21.847645
944|46301|3788;-376;14844|-165;-40;-40|21.941765
945|46330|3556;-460;15284|-195;80;-19|21.847645
946|46331|3448;-464;15372|-192;53;-9|21.847645
947|46333|3480;-408;15452|-146;-15;-9|21.847645
948|46334|3512;-420;15364|-155;-56;-9|21.847645
949|46335|3480;-572;15364|-160;-110;-11|21.847645
950|46336|3512;-600;15348|-142;-158;-21|21.847645
951|46338|3552;-524;15216|-119;-224;-47|21.847645
952|46339|3484;-444;15388|-138;-254;-22|21.847645
953|46340|3444;-516;15288|-134;-289;-21|21.847645
954|46341|3528;-564;15196|-114;-348;-20|21.941765
955|46369|3692;-336;15048|-82;-601;-36|21.753529
956|46370|3688;-436;15024|-97;-606;-41|21.847645
957|46371|3684;-492;14984|-101;-586;-50|21.847645
958|46373|3644;-536;14952|-107;-591;-33|21.847645
959|46374|3728;-520;14992|-105;-580;-36|21.753529
960|46375|3788;-404;14956|-106;-579;-20|21.941765
961|46376|3788;-456;14960|-94;-572;-34|21.847645
962|46378|3644;-444;15128|-101;-555;-44|21.847645
963|46379|3700;-436;15032|-90;-570;-51|21.847645
964|46380|3828;-472;15068|-81;-565;-61|21.847645
965|46409|3652;-472;14844|-147;8;-29|21.941765
966|46410|3700;-440;14892|-145;13;-6|21.847645
967|46411|3684;-472;14956|-171;5;-21|21.847645
968|46413|3692;-460;15012|-167;17;-20|21.847645
969|46414|3708;-484;14952|-166;18;13|21.847645
970|46415|3752;-452;15008|-143;27;25|21.941765
971|46416|3744;-536;14908|-158;23;24|21.847645
972|46418|3716;-500;14988|-166;20;-1|21.847645
973|46419|3736;-548;15052|-158;15;-29|21.847645
974|46420|3668;-492;14940|-164;4;-46|21.941765
975|46421|3588;-432;15112|-152;19;-22|21.847645
976|46448|3612;-488;15188|-138;-98;18|21.941765
977|46450|3552;-456;15184|-134;-99;10|21.847645
978|46451|3560;-544;15252|-153;-112;-21|21.753529
979|46452|3624;-556;15184|-150;-141;-21|21.847645
980|46453|3592;-492;15188|-132;-167;2|21.847645
981|46455|3660;-532;15192|-138;-196;1|21.753529
982|46456|3676;-508;15160|-126;-216;-17|21.847645
983|46457|3644;-464;15148|-118;-212;-20|21.847645
984|46458|3620;-448;15064|-120;-234;-31|21.847645
985|46459|3624;-412;14944|-138;-256;-19|21.847645
986|46461|3596;-408;15016|-127;-279;-16|21.847645
987|46490|3692;-420;14988|-138;-316;-25|21.847645
988|46491|3664;-440;15032|-116;-316;-9|21.753529
989|46492|3652;-500;15028|-135;-336;-37|21.847645
990|46493|3704;-524;15000|-140;-338;-48|21.847645
991|46495|3724;-456;15012|-133;-342;-29|21.847645
992|46496|3716;-380;14980|-139;-319;-22|21.847645
993|46497|3648;-516;14996|-136;-316;-28|21.847645
994|46498|3660;-444;15004|-130;-311;-22|21.847645
995|46499|3760;-480;14944|-144;-320;-17|21.941765
996|46501|3728;-428;14944|-153;-290;-38|21.941765
997|46528|3724;-348;15064|-126;-284;-36|21.847645
998|46529|3628;-428;15016|-132;-265;-37|21.941765
999|46530|3656;-384;14848|-123;-258;-30|21.847645
1000|46531|3552;-408;14900|-122;-261;-37|21.847645
1001|46533|3636;-424;15016|-139;-262;-15|21.847645
1002|46534|3680;-480;15016|-127;-280;-44|21.847645
1003|46535|3716;-560;15044|-113;-274;-48|21.847645
1004|46536|3680;-444;14968|-120;-278;-52|21.847645
1005|46538|3724;-452;14956|-138;-285;-44|21.753529
1006|46539|3684;-520;15000|-122;-284;4|21.847645
1007|46568|3684;-480;15008|-140;-232;-34|21.753529
1008|46569|3656;-396;14940|-137;-221;-11|21.847645
1009|46570|3656;-292;15096|-151;-227;-22|21.847645
1010|46571|3648;-396;15000|-145;-222;-28|21.847645
1011|46573|3704;-448;14940|-145;-205;-26|21.847645
1012|46574|3720;-444;14912|-146;-197;-11|21.847645
1013|46575|3736;-468;14972|-142;-191;2|21.847645
1014|46576|3636;-444;14976|-140;-187;0|21.847645
1015|46578|3700;-520;14856|-124;-169;-6|21.847645
1016|46579|3644;-452;14924|-123;-185;-21|21.847645
1017|46606|3616;-464;15048|-147;-141;-26|21.753529
1018|46607|3640;-504;14956|-150;-140;-14|21.753529
1019|46608|3704;-456;14936|-148;-146;-12|21.753529
1020|46610|3676;-400;14976|-162;-147;-11|21.847645
1021|46611|3672;-448;14888|-145;-155;-34|21.941765
1022|46612|3564;-412;14964|-143;-147;-31|21.847645
1023|46613|3556;-440;15028|-149;-155;-17|21.847645
1024|46615|3712;-480;14996|-154;-157;-18|21.847645
1025|46616|3728;-456;15004|-143;-156;-27|21.847645
1026|46617|3652;-572;15008|-146;-177;-35|21.941765
1027|46646|3596;-508;15068|-101;-298;-42|21.847645
1028|46647|3580;-544;14880|-110;-300;-41|21.847645
1029|46648|3632;-528;14972|-129;-306;-27|21.847645
1030|46650|3616;-480;14836|-145;-318;-37|21.753529
1031|46651|3672;-436;14792|-153;-336;-48|21.847645
1032|46652|3668;-448;14936|-112;-348;-38|21.847645
1033|46653|3624;-372;14992|-125;-317;-17|21.847645
1034|46655|3636;-532;14948|-131;-343;-11|21.847645
1035|46656|3724;-460;15024|-127;-357;-16|21.753529
1036|46657|3640;-476;15192|-111;-346;-20|21.753529
1037|46684|3672;-468;14976|-139;-292;-9|21.847645
1038|46685|3664;-472;14852|-132;-303;-48|21.753529
1039|46686|3704;-384;14964|-130;-282;-39|21.753529
1040|46688|3648;-388;15040|-118;-259;-40|21.847645
1041|46689|3564;-548;14860|-126;-258;-33|21.847645
1042|46690|3788;-444;14892|-129;-293;-23|21.847645
1043|46691|3848;-484;15004|-120;-296;-32|21.847645
1044|46693|3656;-516;14924|-131;-290;-39|21.847645
1045|46694|3644;-496;15000|-133;-260;-32|21.847645
1046|46695|3748;-448;14920|-109;-268;-45|21.847645
1047|46724|3684;-392;14928|-136;-184;-11|21.847645
1048|46725|3684;-344;14984|-131;-193;-4|21.847645
1049|46726|3740;-376;15040|-130;-190;-11|21.847645
1050|46728|3712;-404;14972|-158;-198;-28|21.847645
1051|46729|3740;-404;15096|-139;-180;-30|21.847645
1052|46730|3720;-452;14976|-139;-167;-3|21.847645
1053|46731|3632;-448;14948|-158;-162;4|21.941765
1054|46733|3612;-496;15040|-165;-170;-3|21.847645
1055|46734|3728;-484;15136|-166;-181;-20|21.941765
1056|46735|3664;-412;15128|-128;-179;-12|21.753529
1057|46736|3636;-408;15036|-136;-171;-22|21.847645
1058|46763|3644;-420;14896|-124;-237;-32|21.847645
1059|46765|3636;-432;15032|-135;-231;-23|21.941765
1060|46766|3664;-460;15012|-134;-225;-26|21.847645
1061|46767|3796;-468;15108|-121;-234;-26|21.847645
1062|46768|3716;-464;14928|-131;-251;-21|21.753529
1063|46770|3664;-472;14932|-140;-238;-10|21.847645
1064|46771|3636;-392;14972|-134;-230;9|21.847645
1065|46772|3688;-400;15100|-130;-249;24|21.847645
1066|46773|3644;-476;15016|-129;-250;5|21.847645
1067|46775|3728;-404;15008|-138;-246;-9|21.941765
1068|46803|3676;-440;15112|-126;-282;-32|21.847645
1069|46805|3716;-448;15012|-121;-278;-36|21.847645
1070|46806|3700;-404;15084|-128;-284;-14|21.941765
1071|46807|3760;-460;15108|-125;-273;-8|21.847645
1072|46808|3812;-464;15040|-133;-270;-26|21.753529
1073|46810|3720;-520;14980|-135;-279;-30|21.847645
1074|46811|3648;-448;15064|-117;-276;0|21.847645
1075|46812|3616;-512;15056|-116;-275;-12|21.847645
1076|46813|3652;-564;15040|-109;-280;-23|21.847645
1077|46815|3696;-492;15000|-132;-278;-15|21.847645
1078|46842|3524;-404;14952|-140;-228;-3|21.847645
1079|46843|3700;-396;14828|-144;-252;4|21.847645
1080|46844|3716;-392;14952|-146;-244;-8|21.847645
1081|46845|3532;-364;15112|-140;-220;-34|21.847645
1082|46846|3740;-416;15100|-129;-235;12|21.941765
1083|46848|3680;-500;15012|-130;-243;0|21.847645
1084|46849|3752;-472;14988|-124;-237;-12|21.753529
1085|46850|3700;-564;15096|-125;-235;-27|21.847645
1086|46851|3756;-500;14872|-142;-250;-10|21.847645
1087|46853|3736;-424;14924|-138;-241;-10|21.847645
1088|46882|3700;-376;15176|-135;-203;-37|21.847645
1089|46883|3680;-348;15024|-130;-217;-22|21.941765
1090|46884|3656;-480;14972|-124;-228;2|21.847645
1091|46885|3632;-468;14892|-144;-224;11|21.941765
1092|46886|3584;-560;14980|-143;-228;-33|21.941765
1093|46888|3652;-540;14960|-139;-224;-19|21.847645
1094|46889|3608;-536;14952|-120;-225;-9|21.847645
1095|46890|3524;-540;14964|-140;-218;-28|21.941765
1096|46891|3676;-508;15040|-134;-219;-35|21.847645
1097|46893|3712;-540;15012|-125;-232;-30|21.753529
1098|46920|3680;-436;14936|-150;-254;-29|21.847645
1099|46921|3684;-480;14872|-145;-228;-27|21.847645
1100|46922|3624;-480;14960|-128;-236;-18|21.847645
1101|46923|3740;-452;15016|-131;-229;-29|21.941765
1102|46925|3632;-416;15056|-124;-230;-46|21.847645
1103|46926|3668;-368;14988|-131;-239;-56|21.847645
1104|46927|3716;-456;14976|-131;-259;-40|21.847645
1105|46928|3660;-496;15128|-127;-255;-9|21.847645
1106|46930|3840;-408;15104|-139;-247;0|21.847645
1107|46931|3732;-392;15120|-129;-249;-23|21.847645
1108|46960|3604;-448;15104|-153;-240;-45|21.847645
1109|46961|3608;-400;15088|-126;-244;-18|21.847645
1110|46962|3616;-376;14996|-131;-253;-46|21.847645
1111|46963|3656;-476;15032|-158;-242;-61|21.847645
1112|46965|3712;-400;14976|-134;-245;-36|21.753529
1113|46966|3760;-436;14976|-111;-248;8|21.941765
1114|46967|3624;-468;15032|-146;-256;1|21.941765
1115|46968|3692;-316;14996|-136;-248;-20|21.941765
1116|46970|3692;-440;15000|-123;-235;-29|21.847645
1117|46971|3656;-484;15024|-117;-247;-18|21.847645
1118|46998|3672;-436;15032|-122;-234;-35|21.941765
1119|46999|3756;-524;14936|-116;-233;-35|21.941765
1120|47000|3668;-484;14968|-115;-230;-35|21.847645
1121|47002|3692;-520;14888|-123;-248;-30|21.941765
1122|47003|3620;-352;14964|-136;-246;-28|21.941765
1123|47004|3668;-380;14944|-138;-243;-32|21.847645
1124|47005|3660;-468;15016|-147;-246;-30|21.941765
1125|47007|3660;-488;14952|-138;-232;-16|21.847645
1126|47008|3636;-464;15044|-118;-218;-5|21.847645
1127|47009|3716;-388;14896|-127;-249;2|21.941765
1128|47038|3640;-460;15080|-157;-236;-1|21.847645
1129|47039|3712;-460;15092|-146;-245;-24|21.941765
1130|47040|3764;-384;15136|-137;-244;-38|21.847645
1131|47042|3700;-384;14968|-140;-247;-20|21.941765
1132|47043|3720;-356;15040|-146;-235;-11|21.847645
1133|47044|3628;-380;15040|-147;-222;-24|21.941765
1134|47045|3700;-492;14964|-137;-216;-20|21.753529
1135|47047|3712;-456;14964|-135;-229;-20|21.847645
1136|47048|3640;-448;15000|-130;-238;-26|21.847645
1137|47049|3672;-464;15064|-130;-217;-30|21.753529
1138|47076|3740;-488;14992|-139;-236;-19|21.847645
1139|47077|3704;-428;14984|-126;-253;-11|21.847645
1140|47078|3700;-416;15064|-142;-223;-35|21.847645
1141|47080|3716;-428;14972|-152;-223;-51|21.847645
1142|47081|3656;-408;14952|-139;-228;-34|21.847645
1143|47082|3624;-480;14964|-132;-236;-21|21.847645
1144|47083|3740;-396;15008|-137;-235;-38|21.753529
1145|47085|3620;-524;14876|-130;-226;-42|21.941765
1146|47086|3584;-532;14996|-124;-229;-29|21.753529
1147|47087|3684;-460;15060|-130;-232;-38|21.847645
1148|47088|3716;-368;15008|-143;-252;-36|21.847645
1149|47117|3652;-408;14992|-132;-229;-6|21.941765
1150|47118|3636;-344;15020|-100;-248;-39|21.847645
1151|47120|3576;-404;15012|-132;-231;-24|21.847645
1152|47121|3676;-420;14916|-138;-227;-27|21.753529
1153|47122|3664;-504;14964|-137;-234;-28|21.847645
1154|47123|3768;-400;14872|-122;-255;-18|21.847645
1155|47125|3720;-436;14928|-112;-259;-11|21.847645
1156|47126|3716;-452;15008|-130;-262;-27|21.847645
1157|47127|3672;-456;15072|-141;-262;-32|21.847645
1158|47128|3696;-436;14884|-120;-253;-3|21.941765
1159|47155|3644;-356;14964|-131;-260;7|21.847645
1160|47157|3680;-252;14948|-129;-246;-33|21.941765
1161|47158|3608;-356;14936|-162;-237;-21|21.941765
1162|47159|3588;-400;15012|-112;-244;-11|21.941765
1163|47160|3612;-468;15072|-127;-255;-29|21.847645
1164|47162|3728;-420;15040|-144;-248;-32|21.847645
1165|47163|3732;-520;14968|-131;-243;-25|21.847645
1166|47164|3728;-436;15088|-143;-238;-25|21.753529
1167|47165|3692;-536;14976|-142;-235;-24|21.847645
1168|47167|3688;-548;15040|-138;-240;-35|21.847645
1169|47195|3664;-492;15048|-148;-242;-29|21.847645
1170|47197|3644;-468;14988|-128;-266;-12|21.847645
1171|47198|3648;-468;15020|-138;-254;4|21.941765
1172|47199|3724;-420;15012|-140;-235;0|21.847645
1173|47200|3752;-368;15028|-139;-237;-4|21.941765
1174|47202|3716;-444;15060|-121;-243;-4|21.847645
1175|47203|3676;-436;15124|-116;-251;-13|21.847645
1176|47204|3612;-528;14904|-109;-238;-27|21.847645
1177|47205|3640;-448;15048|-119;-240;-6|21.847645
1178|47207|3680;-420;15008|-129;-252;-13|21.847645
1179|47233|3748;-420;15084|-122;-231;2|21.847645
1180|47235|3688;-388;14980|-126;-263;-16|21.941765
1181|47236|3652;-384;14900|-119;-245;0|21.753529
1182|47237|3668;-464;15096|-119;-251;-8|21.753529
1183|47238|3700;-488;15104|-142;-237;-22|21.847645
1184|47240|3672;-452;14968|-129;-248;-13|21.847645
1185|47241|3632;-520;15152|-120;-241;3|21.753529
1186|47242|3612;-508;15104|-123;-239;-16|21.753529
1187|47243|3632;-424;15056|-126;-235;-23|21.941765
1188|47245|3648;-508;15004|-140;-252;-25|21.941765
1189|47273|3680;-540;15040|-112;-226;-26|21.847645
1190|47275|3696;-424;14836|-134;-234;5|21.847645
1191|47276|3628;-380;14960|-139;-234;-20|21.847645
1192|47277|3624;-384;14992|-139;-229;-37|21.847645
1193|47278|3708;-412;15072|-131;-240;-21|21.847645
1194|47280|3720;-468;14952|-145;-253;-3|21.847645
1195|47281|3688;-380;14972|-141;-227;-8|21.847645
1196|47282|3672;-424;14908|-139;-218;-23|21.847645
1197|47283|3724;-496;15000|-151;-226;-30|21.941765
1198|47285|3648;-428;15028|-142;-249;-25|21.847645
1199|47312|3604;-456;14992|-121;-247;-40|21.941765
1200|47313|3624;-376;15016|-118;-238;-43|21.847645
1201|47314|3616;-364;14904|-105;-228;-31|21.847645
1202|47315|3712;-456;15080|-127;-236;-4|21.847645
1203|47317|3756;-432;15052|-140;-231;-11|21.847645
1204|47318|3708;-432;15044|-146;-247;-4|21.847645
1205|47319|3628;-440;15116|-155;-244;-14|21.753529
1206|47320|3636;-392;14992|-123;-251;-38|21.847645
1207|47322|3688;-364;14880|-114;-243;-25|21.847645
1208|47323|3712;-380;14992|-130;-252;-16|21.847645
1209|47352|3688;-368;15072|-138;-225;-23|21.847645
1210|47353|3744;-368;15088|-132;-232;-16|21.847645
1211|47354|3748;-392;14916|-120;-237;-7|21.847645
1212|47355|3580;-540;14920|-150;-240;-28|21.847645
1213|47357|3608;-428;14840|-145;-246;-41|21.847645
1214|47358|3736;-452;14880|-134;-261;-26|21.941765
1215|47359|3716;-436;15036|-140;-264;-24|21.941765
1216|47360|3664;-452;14912|-133;-219;-43|21.847645
1217|47362|3632;-440;14896|-126;-249;-31|21.847645
1218|47363|3752;-436;15080|-131;-246;-19|21.847645
1219|47390|3740;-492;15044|-142;-230;-39|21.847645
1220|47391|3608;-524;14956|-132;-239;-22|21.847645
1221|47392|3700;-496;14948|-119;-247;-17|21.847645
1222|47394|3672;-404;14980|-129;-239;-21|21.847645
1223|47395|3748;-444;15128|-151;-222;-28|21.941765
1224|47396|3720;-448;14980|-148;-232;-30|21.941765
1225|47397|3636;-432;15080|-142;-249;-26|21.847645
1226|47398|3632;-384;14972|-138;-256;-46|21.847645
1227|47400|3664;-476;14856|-134;-260;-57|21.847645
1228|47401|3736;-484;14992|-127;-246;-37|21.753529
1229|47430|3600;-460;15104|-153;-234;-12|21.753529
1230|47431|3664;-452;14968|-127;-204;-25|21.941765
1231|47432|3668;-412;15188|-125;-203;-19|21.847645
1232|47434|3692;-380;15108|-129;-224;-2|21.847645
1233|47435|3740;-448;14912|-131;-238;-7|21.847645
1234|47436|3772;-428;14916|-142;-229;-53|21.847645
1235|47437|3668;-464;14980|-135;-224;-13|21.847645
1236|47438|3652;-404;14916|-117;-224;-17|21.941765
1237|47440|3724;-428;15028|-121;-228;-24|21.847645
1238|47441|3716;-408;15048|-105;-239;-51|21.847645
