0|42763|-536;2440;-17504|-91;82;-68|21.988823
1|42812|-212;2440;-17376|34;-234;-179|22.082939
2|42814|-176;2320;-17304|30;-223;-172|22.082939
3|42815|-156;2352;-17452|39;-209;-132|22.082939
4|42816|-188;2404;-17420|25;-193;-95|21.988823
5|42817|-228;2320;-17360|12;-206;-98|21.988823
6|42819|-72;2308;-17396|9;-188;-84|21.988823
7|42820|-132;2340;-17388|-5;-183;-70|21.988823
8|42821|-132;2348;-17376|-6;-180;-62|21.988823
9|42822|-180;2268;-17276|-11;-198;-17|21.988823
10|42824|-124;2332;-17516|-11;-173;43|21.988823
11|42849|-592;2524;-17608|-138;-155;-23|22.082939
12|42850|-608;2468;-17628|-100;-170;-44|22.082939
13|42852|-604;2544;-17620|-115;-181;-46|21.988823
14|42853|-616;2568;-17668|-114;-202;-51|21.988823
15|42854|-564;2552;-17784|-93;-208;-93|22.082939
16|42855|-600;2516;-17652|-92;-235;-146|21.988823
17|42857|-628;2640;-17620|-107;-232;-144|22.082939
18|42858|-520;2656;-17744|-108;-208;-136|21.988823
19|42859|-464;2580;-17528|-105;-212;-138|22.082939
20|42860|-420;2480;-17656|-113;-208;-158|21.988823
21|42862|-408;2536;-17640|-124;-202;-167|21.988823
22|42887|-300;2276;-17708|-78;-84;57|21.894705
23|42889|-220;2296;-17712|-73;-92;76|22.082939
24|42890|-240;2372;-17672|-78;-108;79|22.082939
25|42891|-160;2396;-17524|-60;-113;112|21.988823
26|42892|-196;2304;-17672|-67;-91;141|21.988823
27|42894|-264;2324;-17584|-84;-113;124|21.988823
28|42895|-232;2420;-17588|-83;-113;143|21.988823
29|42896|-292;2356;-17612|-96;-115;141|22.082939
30|42897|-272;2320;-17600|-75;-123;169|22.082939
31|42899|-252;2348;-17668|-84;-132;211|21.988823
32|42925|-644;2384;-17680|155;-239;-70|21.988823
33|42926|-684;2388;-17728|178;-227;-130|21.988823
34|42927|-652;2404;-17648|186;-210;-153|22.082939
35|42929|-660;2324;-17700|180;-189;-158|22.082939
36|42930|-576;2324;-17736|185;-166;-170|21.988823
37|42931|-704;2376;-17696|199;-162;-175|21.988823
38|42932|-644;2208;-17696|213;-146;-197|21.988823
39|42934|-580;2268;-17572|215;-129;-210|22.082939
40|42935|-572;2260;-17596|210;-112;-239|21.988823
41|42936|-604;2260;-17576|228;-108;-247|21.988823
42|42962|-44;2144;-17304|101;48;-338|21.988823
43|42964|96;2100;-17232|91;61;-343|21.988823
44|42965|60;2052;-17240|96;42;-319|21.988823
45|42966|24;1964;-17224|102;29;-259|22.082939
46|42967|32;1996;-17216|96;32;-261|21.988823
47|42968|188;2080;-17212|81;31;-284|22.082939
48|42970|220;1964;-17204|56;21;-249|21.988823
49|42971|144;2100;-17288|44;20;-217|21.988823
50|42972|-24;1992;-17096|31;7;-199|21.988823
51|42973|96;2044;-17144|18;-12;-190|21.988823
52|42975|244;2076;-17116|6;-20;-177|21.988823
53|42976|140;2016;-17136|-16;-29;-167|22.082939
54|43002|12;2300;-17168|-304;-175;-31|21.988823
55|43003|-88;2296;-17340|-307;-178;-5|21.988823
56|43005|-16;2412;-17492|-321;-158;6|21.988823
57|43006|12;2268;-17548|-338;-149;11|21.988823
58|43007|4;2380;-17488|-351;-140;4|22.082939
59|43008|-80;2380;-17484|-357;-137;-5|21.988823
60|43010|20;2224;-17472|-336;-119;15|21.988823
61|43011|-48;2404;-17412|-336;-105;12|22.082939
62|43012|8;2432;-17508|-354;-105;21|21.988823
63|43013|-16;2472;-17464|-356;-99;24|22.082939
64|43040|-200;2392;-17748|-238;-197;87|21.988823
65|43041|-224;2456;-17660|-214;-223;109|22.082939
66|43042|-308;2420;-17804|-195;-248;89|21.894705
67|43043|-368;2432;-17844|-194;-274;37|21.988823
68|43045|-416;2496;-17808|-170;-290;32|21.988823
69|43046|-348;2548;-17924|-153;-318;18|21.988823
70|43047|-360;2556;-17868|-143;-347;26|21.988823
71|43048|-396;2468;-17860|-132;-383;18|21.988823
72|43050|-300;2440;-17836|-114;-412;7|21.988823
73|43051|-308;2480;-17892|-108;-430;-25|21.894705
74|43052|-396;2468;-17828|-99;-438;-54|21.988823
75|43078|-248;2468;-17736|28;-400;-81|21.988823
76|43079|-268;2452;-17660|27;-382;-100|21.988823
77|43080|-296;2492;-17568|4;-377;-72|21.988823
78|43082|-292;2532;-17624|3;-362;-93|21.988823
79|43083|-352;2488;-17576|-3;-355;-111|22.082939
80|43084|-368;2504;-17568|-17;-333;-85|21.894705
81|43085|-376;2476;-17560|-31;-294;-94|21.988823
82|43086|-300;2500;-17592|-41;-278;-78|21.988823
83|43088|-324;2656;-17596|-48;-287;-80|22.082939
84|43089|-360;2624;-17464|-65;-253;-92|21.988823
85|43115|-372;2436;-17508|-232;317;-137|21.988823
86|43116|-324;2392;-17484|-237;333;-155|21.988823
87|43117|-380;2492;-17440|-265;330;-156|21.988823
88|43118|-296;2456;-17424|-268;334;-160|21.988823
89|43120|-220;2468;-17440|-276;336;-184|21.988823
90|43121|-232;2528;-17496|-273;340;-186|21.988823
91|43122|-252;2504;-17536|-298;348;-166|21.988823
92|43123|-248;2392;-17484|-296;331;-181|21.988823
93|43125|-260;2396;-17500|-301;341;-163|21.988823
94|43126|-76;2372;-17608|-308;354;-142|21.988823
95|43127|-136;2384;-17792|-301;337;-175|22.082939
96|43153|68;2380;-17812|-239;-224;-140|21.988823
97|43154|80;2404;-17836|-241;-258;-159|22.082939
98|43155|-48;2404;-17860|-229;-287;-143|21.988823
99|43156|-68;2344;-17852|-221;-316;-137|21.988823
100|43158|12;2392;-17716|-209;-355;-141|21.988823
101|43159|-12;2516;-17992|-226;-353;-99|22.082939
102|43160|28;2544;-18008|-229;-364;-90|22.082939
103|43161|80;2468;-18000|-210;-393;-79|21.988823
104|43163|80;2380;-18044|-197;-411;-80|22.082939
105|43164|-40;2308;-18020|-180;-407;-62|21.988823
106|43190|-872;2528;-18180|188;-355;-206|22.082939
107|43191|-628;2540;-18148|223;-291;-255|22.082939
108|43192|-652;2644;-18228|235;-286;-269|21.988823
109|43193|-672;2632;-18384|242;-308;-304|21.988823
110|43195|-804;2596;-18308|261;-343;-342|21.988823
111|43196|-800;2536;-18192|300;-293;-403|21.988823
112|43197|-496;2444;-18104|309;-311;-426|21.988823
113|43198|-244;2492;-18216|328;-268;-453|21.988823
114|43200|-660;2652;-18196|343;-273;-455|21.988823
115|43201|-332;2532;-18288|412;-272;-424|21.988823
116|43227|236;2092;-17756|586;-151;-217|21.894705
117|43228|120;2004;-17744|593;-168;-182|21.988823
118|43230|-16;2096;-17772|580;-193;-131|22.082939
119|43231|228;2164;-17664|577;-165;-113|21.988823
120|43232|152;2112;-17584|579;-156;-120|21.988823
121|43233|84;2064;-17636|586;-158;-115|22.082939
122|43235|-8;1888;-17492|545;-156;-71|22.082939
123|43236|120;2016;-17672|536;-144;-68|21.988823
124|43237|12;1996;-17628|549;-160;-49|21.988823
125|43238|32;1920;-17588|553;-159;-46|21.988823
126|43265|-364;2164;-17500|339;14;60|21.988823
127|43266|-356;2144;-17460|318;4;38|21.988823
128|43267|-508;2152;-17332|316;19;21|21.988823
129|43268|-408;2128;-17364|312;38;10|22.082939
130|43270|-464;2208;-17632|290;18;-41|21.988823
131|43271|-436;2148;-17448|284;42;-26|21.988823
132|43272|-484;2056;-17384|273;42;-32|21.988823
133|43273|-536;2188;-17372|288;42;-54|21.988823
134|43274|-412;2132;-17472|273;36;-105|21.988823
135|43276|-588;2164;-17504|280;39;-111|21.988823
136|43277|-604;2132;-17516|264;38;-111|21.988823
137|43303|-252;2072;-17568|185;187;-408|21.894705
138|43305|-232;2152;-17628|170;204;-416|21.988823
139|43306|-240;2212;-17640|174;213;-408|22.082939
140|43307|-108;2216;-17488|175;216;-400|21.988823
141|43308|-236;2104;-17536|149;224;-378|21.988823
142|43309|-296;2088;-17568|133;234;-377|21.988823
143|43311|-272;1976;-17556|132;243;-369|21.988823
144|43312|-192;1960;-17608|129;239;-351|21.988823
145|43313|-208;1936;-17516|115;231;-351|21.988823
146|43314|-236;2164;-17308|105;224;-335|22.082939
147|43344|-80;2224;-17584|25;61;-127|21.988823
148|43345|-16;2200;-17780|14;47;-148|21.988823
149|43346|-28;2128;-17608|33;3;-139|21.894705
150|43347|40;2072;-17608|47;13;-117|21.894705
151|43349|12;2188;-17648|59;14;-105|22.082939
152|43350|12;2140;-17692|48;-21;-102|22.082939
153|43351|-44;2196;-17452|43;-53;-84|22.082939
154|43352|-20;2180;-17504|37;-60;-66|22.082939
155|43354|-4;2192;-17548|23;-93;-70|21.988823
156|43355|100;2244;-17640|7;-111;-60|21.988823
157|43356|36;2144;-17452|15;-143;-60|21.988823
158|43382|-28;2272;-17632|-119;-525;179|21.988823
159|43383|-4;2292;-17688|-134;-515;177|22.082939
160|43384|52;2304;-17664|-130;-525;182|21.988823
161|43386|-8;2464;-17720|-129;-508;196|21.988823
162|43387|-44;2372;-17728|-124;-517;213|21.988823
163|43388|-40;2460;-17888|-100;-522;244|21.988823
164|43389|-68;2456;-17792|-95;-520;260|22.082939
165|43390|-16;2480;-17804|-74;-526;287|21.988823
166|43392|96;2532;-17884|-68;-520;307|22.082939
167|43393|128;2412;-17852|-57;-512;312|21.988823
168|43394|100;2436;-18028|-41;-497;321|21.988823
169|43420|-500;2312;-18224|337;-670;598|21.988823
170|43421|-576;2284;-18124|372;-695;582|21.988823
171|43422|-692;2340;-18192|414;-734;574|21.988823
172|43424|-736;2452;-18156|432;-770;587|21.988823
173|43425|-500;2424;-18240|471;-812;571|21.988823
174|43426|-536;2420;-18232|494;-842;547|21.988823
175|43427|-632;2392;-18192|497;-877;512|21.894705
176|43429|-652;2376;-18168|515;-907;518|21.988823
177|43430|-488;2392;-18200|578;-986;501|21.988823
178|43431|-648;2392;-18076|591;-1016;455|21.988823
179|43457|-868;2328;-17900|998;-1516;93|21.988823
180|43458|-860;2360;-17852|1018;-1520;68|21.988823
181|43459|-800;2276;-17848|1021;-1525;67|22.082939
182|43461|-772;2264;-17864|1006;-1538;72|21.988823
183|43462|-788;2316;-17764|1020;-1544;37|21.988823
184|43463|-808;2292;-17644|1011;-1563;27|21.988823
185|43464|-776;2232;-17480|985;-1577;12|21.988823
186|43465|-776;2304;-17616|984;-1560;2|21.988823
187|43467|-820;2284;-17616|954;-1547;-52|21.988823
188|43468|-804;2276;-17640|966;-1564;-37|21.988823
189|43494|-500;1872;-17324|422;-969;154|21.988823
190|43495|-456;1728;-17516|395;-943;154|21.988823
191|43496|-552;1732;-17324|379;-911;136|21.988823
192|43497|-560;1800;-17300|357;-875;138|22.082939
193|43499|-760;1788;-17396|340;-772;113|21.988823
194|43500|-556;1948;-17340|318;-717;92|21.988823
195|43501|-580;1992;-17388|300;-650;57|22.082939
196|43502|-596;2004;-17388|263;-601;54|21.988823
197|43504|-680;2040;-17396|246;-525;70|21.988823
198|43505|-612;2044;-17380|226;-490;75|21.988823
199|43531|-744;2124;-18076|661;-62;239|21.988823
200|43532|-812;2216;-18144|652;-42;195|21.988823
201|43534|-816;2228;-18084|664;-67;211|21.988823
202|43535|-800;2248;-18200|694;-101;216|21.988823
203|43536|-732;2172;-18184|728;-132;211|21.988823
204|43537|-752;2184;-18208|736;-116;172|21.988823
205|43539|-732;2140;-18296|769;-125;160|21.988823
206|43540|-720;2200;-18064|809;-141;150|21.988823
207|43541|-828;2232;-18224|829;-150;152|22.082939
208|43542|-696;2256;-18232|871;-164;162|22.082939
209|43544|-744;2332;-18164|890;-167;144|21.988823
210|43570|-376;2152;-18560|1715;-511;165|22.082939
211|43571|-456;2240;-18612|1758;-543;180|21.988823
212|43572|-436;2232;-18440|1855;-623;175|21.988823
213|43574|-496;2064;-18436|1884;-672;155|21.988823
214|43575|-460;2080;-18480|1916;-741;152|21.988823
215|43576|-428;2844;-18508|1982;-769;154|22.082939
216|43577|-700;2932;-18360|2055;-801;153|21.988823
217|43579|-280;2372;-18304|2054;-850;119|21.988823
218|43580|-692;2224;-18444|2102;-903;92|21.988823
219|43581|-356;2160;-18344|2155;-919;50|22.082939
220|43607|-504;2060;-18120|2615;-1847;-207|21.988823
221|43609|-400;1892;-17960|2641;-1838;-242|21.988823
222|43610|-592;1936;-17964|2674;-1857;-236|21.988823
223|43611|-612;1956;-17944|2696;-1929;-281|21.988823
224|43612|-628;1908;-17876|2691;-1942;-293|22.082939
225|43614|-568;1876;-17840|2672;-1948;-291|21.988823
226|43615|-336;1932;-17864|2688;-1923;-285|22.082939
227|43616|-564;1804;-17744|2718;-1952;-318|22.082939
228|43617|-700;1752;-17744|2726;-1953;-337|22.082939
229|43618|-564;1600;-17752|2713;-1924;-347|21.988823
230|43645|-2172;1960;-16836|2582;-1225;-699|22.082939
231|43646|-1272;1804;-17196|2510;-946;-719|22.082939
232|43647|-564;1308;-17392|2465;-894;-681|21.988823
233|43649|-692;984;-17644|2454;-806;-733|22.082939
234|43650|-504;700;-17864|2451;-760;-734|22.082939
235|43651|-416;280;-17852|2426;-622;-631|21.988823
236|43652|112;308;-17724|2408;-578;-604|21.894705
237|43653|36;276;-17676|2374;-545;-539|21.988823
238|43655|-8;484;-17700|2369;-530;-480|21.988823
239|43656|108;888;-17272|2291;-531;-316|22.082939
240|43682|-688;852;-16820|1309;29;4|22.082939
241|43683|-848;816;-16824|1281;11;-9|21.988823
242|43684|-676;880;-16696|1237;22;-21|21.988823
243|43685|-720;844;-16776|1195;28;-50|22.082939
244|43687|-700;800;-16860|1152;23;-45|21.988823
245|43688|-768;756;-16736|1074;-17;-80|21.988823
246|43689|-712;704;-16704|1038;-44;-92|21.988823
247|43690|-804;800;-16796|1011;-52;-121|22.082939
248|43692|-692;680;-16716|974;-49;-116|21.988823
249|43693|-728;592;-16676|906;-90;-120|22.082939
250|43719|-784;984;-17440|89;-795;-131|22.082939
251|43720|-796;1048;-17412|67;-809;-131|21.988823
252|43721|-800;980;-17444|62;-805;-159|22.082939
253|43722|-864;1004;-17480|62;-803;-171|21.894705
254|43723|-832;1060;-17492|59;-819;-156|21.988823
255|43725|-940;1112;-17596|41;-774;-110|21.988823
256|43726|-948;1136;-17612|46;-751;-136|21.894705
257|43727|-1068;1184;-17756|55;-746;-160|21.988823
258|43728|-1052;1156;-17736|72;-743;-179|21.988823
259|43730|-1064;992;-17824|101;-707;-176|21.988823
260|43755|-1792;1072;-18084|467;-443;-789|21.988823
261|43757|-1744;1128;-17992|481;-439;-826|21.988823
262|43758|-1824;1136;-18000|498;-432;-877|22.082939
263|43759|-1680;1008;-17976|502;-416;-949|21.988823
264|43760|-1700;1056;-18060|523;-406;-998|22.082939
265|43762|-1752;1056;-18140|557;-393;-1005|22.082939
266|43763|-1644;1008;-17972|568;-358;-1023|22.082939
267|43764|-1564;1036;-17820|561;-353;-1046|22.082939
268|43765|-1608;1140;-17936|577;-321;-1092|22.082939
269|43767|-1508;1172;-17836|578;-298;-1110|21.988823
270|43792|-692;1092;-16744|69;655;-1029|21.988823
271|43793|-688;1120;-16792|28;702;-1024|22.082939
272|43795|-600;1168;-16824|-24;741;-1013|22.082939
273|43796|-480;1040;-16684|-60;765;-988|22.082939
274|43797|-380;1252;-16756|-141;811;-942|22.082939
275|43798|-224;1184;-16844|-171;834;-905|22.082939
276|43800|-116;1188;-16792|-213;860;-864|22.082939
277|43801|-156;1152;-16776|-242;878;-835|22.082939
278|43802|-112;1032;-16920|-323;904;-783|22.082939
279|43803|44;1008;-16860|-337;942;-751|21.894705
280|43830|-456;1092;-17568|-603;1035;70|22.082939
281|43831|-440;1080;-17644|-595;999;60|21.988823
282|43832|-528;1100;-17536|-596;888;47|21.988823
283|43833|-592;1084;-17584|-570;845;45|22.082939
284|43835|-612;1116;-17728|-549;803;29|21.988823
285|43836|-656;1224;-17844|-547;745;-4|22.082939
286|43837|-764;1124;-17792|-505;605;-27|21.988823
287|43838|-704;1172;-17820|-487;539;-39|21.988823
288|43840|-780;1112;-17788|-461;473;-62|21.988823
289|43841|-740;1096;-17760|-450;400;-53|21.988823
290|43842|-824;1184;-17968|-417;306;-103|21.988823
291|43868|-888;1248;-17760|149;-576;-707|21.988823
292|43870|-748;1208;-17860|140;-600;-713|22.082939
293|43871|-668;1224;-17744|192;-654;-687|21.988823
294|43872|-576;1268;-17752|207;-658;-715|21.988823
295|43873|-600;1248;-17716|202;-696;-726|21.988823
296|43875|-620;1340;-17728|194;-712;-735|21.988823
297|43876|-572;1288;-17708|198;-748;-747|21.988823
298|43877|-524;1308;-17660|200;-762;-734|22.082939
299|43878|-592;1408;-17688|199;-750;-728|22.082939
300|43880|-480;1408;-17680|194;-759;-712|22.082939
301|43906|-444;1176;-17700|90;-627;-685|21.988823
302|43907|-476;1208;-17732|105;-606;-657|21.988823
303|43908|-460;1236;-17724|104;-584;-667|22.082939
304|43910|-352;1176;-17668|86;-533;-643|21.988823
305|43911|-352;1128;-17652|75;-438;-634|21.988823
306|43912|-336;1092;-17656|51;-376;-622|21.894705
307|43913|-336;1256;-17664|57;-317;-603|21.988823
308|43915|-264;1324;-17536|52;-264;-575|21.988823
309|43916|-256;1320;-17476|36;-178;-534|21.988823
310|43917|-168;1332;-17576|30;-122;-504|21.894705
311|43943|-128;1000;-17200|-237;264;157|21.988823
312|43945|-224;984;-17484|-273;222;143|21.988823
313|43946|-128;1124;-17608|-283;222;151|21.988823
314|43947|-212;1132;-17568|-289;178;145|22.082939
315|43948|-128;1136;-17516|-306;132;148|22.082939
316|43950|-144;1076;-17508|-295;117;164|21.988823
317|43951|-112;976;-17572|-291;85;163|21.988823
318|43952|-96;1072;-17628|-300;76;165|21.988823
319|43953|-192;1176;-17620|-305;52;184|22.082939
320|43955|-180;1056;-17684|-293;-9;213|21.988823
321|43980|-528;1316;-17956|40;-786;240|22.082939
322|43981|-664;1280;-18052|77;-884;207|21.988823
323|43983|-620;1300;-18080|103;-955;216|22.082939
324|43984|-628;1276;-17972|133;-998;189|21.988823
325|43985|-612;1192;-18136|136;-1032;125|21.894705
326|43986|-756;1392;-17932|157;-1161;79|22.082939
327|43988|-664;1360;-17952|169;-1221;68|22.082939
328|43989|-696;1272;-17988|194;-1259;57|21.988823
329|43990|-668;1348;-18008|222;-1282;40|22.082939
330|43991|-656;1364;-17952|231;-1381;-7|21.988823
331|44017|-652;1480;-18224|582;-1650;-179|21.988823
332|44018|-848;1428;-18104|634;-1635;-190|21.988823
333|44020|-708;1372;-18164|647;-1643;-208|21.988823
334|44021|-696;1488;-18312|654;-1642;-202|21.988823
335|44022|-660;1396;-18288|661;-1595;-191|22.082939
336|44023|-732;1348;-18240|711;-1572;-192|21.988823
337|44024|-744;1236;-18420|735;-1576;-205|21.988823
338|44026|-760;1224;-18324|765;-1556;-211|21.988823
339|44027|-680;1216;-18280|795;-1544;-230|22.082939
340|44028|-752;1196;-18412|822;-1486;-198|21.988823
341|44054|-1076;1172;-17956|1095;-1239;-447|21.988823
342|44055|-1052;1144;-17964|1064;-1121;-425|22.082939
343|44056|-1108;1160;-18012|1061;-1075;-437|22.082939
344|44058|-1116;1048;-17912|1069;-1031;-435|21.988823
345|44059|-1096;988;-18100|1083;-977;-438|21.988823
346|44060|-1052;992;-18104|1084;-893;-421|21.988823
347|44061|-1060;964;-18052|1079;-848;-438|21.988823
348|44063|-964;924;-17892|1091;-794;-452|21.988823
349|44064|-1124;992;-17912|1086;-734;-473|21.988823
350|44065|-964;840;-17924|1078;-632;-438|21.988823
351|44091|-612;984;-17252|739;380;-332|22.082939
352|44092|-464;988;-17284|673;450;-308|21.988823
353|44093|-316;1028;-17240|661;463;-292|22.082939
354|44095|-280;844;-17276|655;470;-290|21.988823
355|44096|-296;772;-17288|623;502;-286|21.988823
356|44097|-112;708;-17324|605;565;-234|22.082939
357|44098|-20;744;-17504|591;596;-190|22.082939
358|44099|4;716;-17524|577;615;-163|22.082939
359|44101|-88;676;-17476|575;615;-156|21.894705
360|44102|60;656;-17352|582;623;-87|21.988823
361|44103|96;720;-17332|570;646;-40|21.988823
362|44130|172;904;-17644|480;132;552|22.082939
363|44131|120;960;-17884|487;68;588|22.082939
364|44132|-52;920;-17872|505;32;586|22.082939
365|44133|-92;1000;-17856|517;-28;607|21.988823
366|44134|-80;952;-17964|542;-84;625|22.082939
367|44136|-228;1004;-18024|607;-198;641|22.082939
368|44137|-364;1092;-18144|631;-247;629|21.988823
369|44138|-364;1084;-18240|650;-294;631|22.082939
370|44139|-472;1184;-18264|697;-359;620|21.988823
371|44141|-544;1024;-18212|773;-510;575|21.988823
372|44167|5340;32767;12568|-192;365;3620|21.988823
373|44168|-9820;-10452;-7168|-1024;-5149;1079|22.082939
374|44169|-6604;-19740;-32768|1994;-4748;-1897|21.988823
375|44171|7368;-9360;-8888|1979;-1638;-3191|21.988823
376|44172|-6920;-2172;-21848|1157;-2451;-3747|22.177057
377|44173|6656;4188;-22644|1950;-1868;-1024|22.082939
378|44174|4532;-500;-17056|1176;-2110;-2657|22.082939
379|44176|-648;1392;-17848|1546;-2356;-2392|21.988823
380|44177|-828;2052;-17324|1776;-2118;-1349|22.082939
381|44178|-1760;2832;-16932|1592;-2589;-2217|21.988823
382|44204|868;320;-16956|386;-74;765|21.988823
383|44206|848;312;-17040|335;-87;799|22.082939
384|44207|824;208;-17080|280;-137;853|22.082939
385|44208|784;60;-17144|249;-192;882|21.988823
386|44209|804;80;-17256|227;-298;981|21.988823
387|44211|796;128;-17348|218;-352;1056|21.988823
388|44212|816;40;-17240|175;-406;1095|21.988823
389|44213|860;76;-17060|144;-445;1123|21.894705
390|44214|796;200;-17128|108;-510;1192|22.082939
391|44216|812;220;-17100|85;-565;1266|21.988823
392|44242|-280;384;-17784|-13;-1942;2063|21.988823
393|44243|-280;280;-17976|-11;-1982;2087|21.988823
394|44244|-432;280;-17948|6;-2036;2113|22.082939
395|44246|-492;236;-18084|-22;-2082;2132|22.082939
396|44247|-544;160;-18128|-19;-2112;2150|22.082939
397|44248|-648;180;-18208|-5;-2136;2172|21.988823
398|44249|-856;152;-18532|9;-2201;2208|22.082939
399|44251|-1052;212;-18504|16;-2214;2186|21.988823
400|44252|-1116;236;-18604|4;-2228;2186|21.988823
401|44253|-1268;116;-18752|14;-2251;2197|22.082939
402|44279|-2320;720;-17876|-392;-609;1381|21.988823
403|44280|-2204;520;-17628|-491;-260;1358|21.988823
404|44281|-2128;432;-17596|-563;-77;1329|21.988823
405|44283|-1956;332;-17604|-635;124;1312|21.988823
406|44284|-1736;456;-17560|-702;345;1321|22.082939
407|44285|-1648;400;-17440|-782;574;1326|22.082939
408|44286|-1512;344;-17124|-929;986;1300|21.988823
409|44287|-1248;296;-16912|-1013;1208;1338|22.082939
410|44289|-1228;148;-16812|-1079;1434;1366|22.082939
411|44290|-1104;140;-16580|-1158;1638;1386|21.988823
412|44316|272;684;-14568|-4346;5188;2461|21.988823
413|44317|652;668;-14568|-4566;5417;2474|21.988823
414|44318|-308;852;-14880|-4680;5226;2495|22.082939
415|44319|1464;600;-15012|-4798;5172;2555|22.082939
416|44321|-396;796;-15232|-4876;5047;2604|22.082939
417|44322|240;912;-15532|-5064;4941;2670|22.082939
418|44323|-232;804;-15820|-5145;4856;2710|22.082939
419|44324|176;828;-16140|-5196;4783;2753|22.082939
420|44326|-172;896;-16588|-5208;4711;2803|22.082939
421|44327|-136;-360;-17092|-5174;4491;2807|21.988823
422|44353|-1232;1588;-20236|-3310;2075;1604|21.988823
423|44354|-708;1808;-19848|-3061;1791;1442|22.082939
424|44355|-3844;1868;-20096|-2924;1592;1393|21.988823
425|44356|-1892;2104;-20056|-2835;1437;1338|21.988823
426|44358|-1860;2304;-20180|-2740;1377;1327|22.082939
427|44359|-1032;2116;-20176|-2531;1033;1153|22.082939
428|44360|-4120;2072;-20304|-2413;786;1061|22.082939
429|44361|-1768;1908;-20404|-2280;639;1012|21.988823
430|44362|-2624;1776;-20528|-2154;509;862|21.988823
431|44364|-1692;1720;-20556|-1865;205;631|22.082939
432|44389|-1840;1968;-18920|760;-1668;-1460|21.988823
433|44391|-2196;2364;-18616|820;-1569;-1518|22.082939
434|44392|-1864;2448;-18600|852;-1493;-1512|21.988823
435|44393|-2156;2404;-18764|865;-1531;-1628|21.988823
436|44394|-1764;1988;-18864|917;-1442;-1598|21.988823
437|44396|-1568;1920;-18932|1041;-1347;-1740|22.082939
438|44397|-1456;1820;-18884|1076;-1296;-1794|21.988823
439|44398|-1736;1848;-18760|1114;-1238;-1778|22.082939
440|44399|-1360;1944;-18596|1140;-1215;-1833|21.988823
441|44426|-1176;1304;-17224|891;261;-1773|21.988823
442|44427|-1092;1052;-17412|853;316;-1828|22.082939
443|44428|-1076;992;-17396|835;393;-1860|21.988823
444|44429|-1236;980;-17468|818;479;-1908|22.082939
445|44431|-1168;984;-17412|810;491;-1920|22.082939
446|44432|-1212;940;-17304|778;532;-1949|21.988823
447|44433|-1156;916;-17292|751;569;-1960|21.988823
448|44434|-1072;1088;-17284|709;637;-1958|21.988823
449|44436|-1080;1140;-17136|670;686;-1966|21.988823
450|44437|-1116;1184;-17144|628;729;-1983|21.988823
451|44463|-608;868;-16808|35;1650;-1766|21.988823
452|44464|-676;944;-16932|-9;1621;-1765|21.988823
453|44466|-720;828;-16804|-39;1598;-1765|22.082939
454|44467|-648;836;-16744|-78;1593;-1756|22.082939
455|44468|-564;804;-16816|-130;1581;-1769|21.988823
456|44469|-528;772;-16808|-189;1599;-1731|22.082939
457|44471|-468;716;-16920|-233;1592;-1710|22.082939
458|44472|-480;680;-16820|-265;1578;-1716|22.082939
459|44473|-484;640;-16872|-304;1546;-1737|22.082939
460|44474|-420;560;-16796|-332;1475;-1756|22.082939
461|44501|520;880;-16844|-1118;467;-1466|21.988823
462|44502|468;944;-16904|-1147;440;-1413|22.082939
463|44503|536;1040;-17028|-1176;422;-1341|21.988823
464|44504|544;1028;-17044|-1187;398;-1278|21.988823
465|44506|524;1076;-17176|-1185;383;-1225|22.082939
466|44507|668;1028;-17116|-1180;345;-1183|21.988823
467|44508|500;940;-17216|-1183;302;-1112|21.988823
468|44509|604;892;-17160|-1196;260;-1070|22.082939
469|44511|556;884;-17352|-1186;209;-1044|22.082939
470|44512|588;1040;-17408|-1177;187;-1013|21.988823
471|44538|124;1380;-17900|-729;-625;-174|21.988823
472|44539|108;1348;-17840|-695;-635;-144|21.988823
473|44541|132;1380;-17804|-651;-633;-116|21.988823
474|44542|168;1292;-17872|-617;-645;-99|21.988823
475|44543|160;1372;-18000|-586;-683;-83|22.082939
476|44544|100;1356;-17992|-575;-676;-51|21.988823
477|44546|72;1456;-17888|-547;-680;-11|21.988823
478|44547|16;1500;-17892|-551;-698;21|21.988823
479|44548|40;1436;-18052|-519;-708;36|22.082939
480|44549|20;1508;-18020|-504;-698;64|22.082939
481|44575|-548;1440;-17912|-145;-381;312|21.988823
482|44576|-576;1472;-17812|-115;-402;278|22.082939
483|44577|-640;1428;-17848|-86;-410;287|22.082939
484|44579|-600;1556;-17892|-95;-405;282|22.082939
485|44580|-680;1496;-17992|-52;-437;260|22.082939
486|44581|-616;1468;-17888|-32;-447;231|21.988823
487|44582|-648;1432;-17812|-29;-442;213|22.082939
488|44584|-688;1492;-17756|-18;-439;193|22.082939
489|44585|-692;1536;-17956|2;-430;146|21.988823
490|44586|-684;1528;-17892|21;-447;138|21.988823
491|44587|-600;1396;-17748|23;-475;128|22.082939
492|44613|-952;1292;-17796|179;-812;-184|21.988823
493|44614|-904;1336;-17928|208;-807;-182|21.988823
494|44616|-960;1276;-17980|232;-815;-192|21.988823
495|44617|-1020;1284;-17936|260;-774;-246|21.988823
496|44618|-1016;1276;-17788|265;-784;-262|21.988823
497|44619|-996;1340;-17732|257;-783;-280|21.988823
498|44621|-976;1240;-17788|275;-766;-277|21.988823
499|44622|-892;1192;-17724|288;-728;-318|21.988823
500|44623|-932;1260;-17736|283;-714;-337|21.988823
501|44624|-964;1196;-17712|279;-702;-343|21.988823
502|44650|-312;956;-17260|1;166;-325|22.082939
503|44651|-256;920;-17188|-14;179;-300|22.082939
504|44652|-232;904;-17148|-94;217;-288|21.988823
505|44654|-220;880;-17096|-118;253;-281|21.988823
506|44655|-164;940;-17032|-124;283;-253|21.988823
507|44656|-116;888;-17028|-145;288;-236|21.988823
508|44657|-168;880;-17296|-219;331;-202|21.988823
509|44659|-184;1044;-17240|-248;351;-168|22.082939
510|44660|-96;988;-16980|-282;357;-147|22.082939
511|44661|-140;944;-17040|-306;357;-169|21.988823
512|44687|-492;1180;-17744|-697;-27;-274|21.988823
513|44688|-460;1168;-17908|-693;-42;-251|21.988823
514|44689|-480;1168;-17908|-672;-60;-289|21.988823
515|44691|-580;1220;-17772|-673;-67;-324|22.082939
516|44692|-652;1308;-17856|-669;-76;-328|21.988823
517|44693|-620;1392;-17776|-647;-84;-324|21.988823
518|44694|-640;1408;-17964|-643;-116;-359|21.988823
519|44696|-648;1388;-18036|-633;-138;-380|21.988823
520|44697|-636;1456;-18144|-601;-161;-418|21.988823
521|44698|-700;1376;-18200|-580;-186;-433|22.082939
522|44724|-276;1396;-18104|-65;25;-591|21.988823
523|44726|-212;1484;-18180|-58;44;-602|21.894705
524|44727|-236;1520;-18068|-54;71;-612|21.988823
525|44728|-272;1536;-18076|-31;80;-613|22.082939
526|44729|-148;1468;-17948|-31;115;-591|21.988823
527|44731|-64;1436;-17940|-29;143;-605|21.988823
528|44732|-156;1424;-17912|-3;147;-583|22.082939
529|44733|-76;1440;-17920|0;167;-551|22.082939
530|44734|20;1480;-17740|-17;188;-519|21.988823
531|44735|64;1480;-17884|-14;193;-533|21.988823
532|44762|856;1180;-17236|-467;326;151|22.082939
533|44763|908;1244;-17248|-514;370;251|22.082939
534|44764|744;1276;-17276|-540;361;295|22.082939
535|44765|728;1184;-17300|-572;325;318|22.082939
536|44767|788;1276;-17220|-600;325;341|21.988823
537|44768|692;1328;-17328|-669;340;425|22.082939
538|44769|752;1252;-17368|-673;346;461|21.988823
539|44770|704;1252;-17328|-658;355;477|22.082939
540|44772|672;1244;-17400|-674;354;494|21.988823
541|44773|652;1272;-17444|-717;338;532|21.988823
542|44774|696;1228;-17512|-740;339;575|22.082939
543|44800|-84;1328;-17876|-742;-117;744|21.988823
544|44802|-112;1392;-17936|-722;-151;732|22.082939
545|44803|-256;1456;-17856|-701;-207;693|22.082939
546|44804|-288;1336;-17784|-712;-233;695|21.988823
547|44805|-424;1384;-17764|-701;-249;693|22.082939
548|44807|-436;1460;-17932|-687;-283;683|22.082939
549|44808|-324;1364;-17980|-652;-344;629|21.988823
550|44809|-396;1384;-17964|-633;-381;627|21.988823
551|44810|-436;1380;-18004|-602;-412;601|22.082939
552|44812|-432;1484;-18028|-589;-456;556|22.082939
553|44838|-576;1480;-18424|-51;-913;188|22.082939
554|44839|-584;1500;-18280|-25;-920;167|21.988823
555|44840|-624;1496;-18184|-14;-917;155|22.082939
556|44842|-720;1520;-18316|22;-900;158|22.082939
557|44843|-704;1384;-18324|49;-891;130|22.082939
558|44844|-668;1416;-18304|74;-875;116|21.988823
559|44845|-732;1424;-18248|86;-858;94|22.082939
560|44847|-736;1468;-18296|91;-876;57|22.082939
561|44848|-764;1432;-18132|108;-860;39|21.988823
562|44849|-708;1472;-18228|136;-863;33|21.988823
563|44875|-492;1228;-18096|295;-310;-236|22.082939
564|44876|-500;1156;-17996|288;-296;-248|22.082939
565|44877|-484;1176;-17944|267;-270;-261|22.082939
566|44879|-600;1124;-18004|260;-254;-277|22.082939
567|44880|-580;1088;-17952|248;-234;-301|21.988823
568|44881|-440;1056;-17780|225;-217;-309|21.988823
569|44882|-532;1048;-17760|213;-209;-315|22.082939
570|44883|-408;1124;-17780|201;-173;-335|22.177057
571|44885|-448;1084;-17716|179;-156;-339|21.988823
572|44886|-564;996;-17704|166;-133;-329|22.082939
573|44912|-68;1128;-17364|-232;161;-174|21.988823
574|44913|-32;1156;-17476|-236;165;-160|21.988823
575|44914|-56;1144;-17472|-217;175;-165|21.988823
576|44915|-12;1148;-17520|-267;167;-157|21.988823
577|44917|-24;1112;-17440|-291;168;-127|22.082939
578|44918|28;1100;-17456|-288;154;-105|22.082939
579|44919|-72;1220;-17312|-291;151;-94|21.988823
580|44920|-44;1176;-17384|-311;149;-89|21.988823
581|44922|-108;1212;-17364|-321;145;-71|21.988823
582|44923|-60;1220;-17404|-332;124;-51|21.988823
583|44924|-112;1252;-17532|-356;128;-38|22.082939
584|44950|-352;1416;-18080|-342;5;-56|22.082939
585|44951|-340;1464;-18096|-333;6;-64|21.988823
586|44952|-312;1552;-17972|-307;10;-83|21.988823
587|44953|-372;1616;-18036|-281;9;-88|22.082939
588|44955|-388;1608;-18012|-277;12;-82|21.988823
589|44956|-468;1492;-18168|-260;13;-65|22.082939
590|44957|-444;1528;-18096|-238;26;-130|22.082939
591|44958|-432;1532;-18132|-222;14;-142|22.082939
592|44960|-448;1600;-18268|-223;25;-117|22.082939
593|44961|-388;1636;-18300|-196;33;-103|21.988823
594|44987|-120;1444;-18088|317;228;-141|22.082939
595|44988|-168;1536;-17928|320;213;-153|22.082939
596|44989|-28;1440;-17992|328;212;-192|22.082939
597|44990|-88;1504;-17940|330;207;-177|21.988823
598|44992|-92;1324;-17820|329;203;-151|21.988823
599|44993|-32;1280;-17664|339;188;-149|22.082939
600|44994|40;1332;-17696|367;135;-121|22.082939
601|44995|-4;1332;-17780|362;102;-147|22.082939
602|44997|8;1324;-17656|338;99;-173|21.988823
603|44998|-72;1352;-17440|334;84;-163|22.082939
604|44999|-12;1260;-17436|351;40;-122|21.988823
605|45025|448;1048;-17240|-53;-406;275|21.988823
606|45027|448;1180;-17196|-86;-409;290|22.082939
607|45028|408;1236;-17156|-130;-396;304|21.988823
608|45029|408;1124;-17208|-146;-400;326|21.988823
609|45030|308;1164;-17152|-165;-424;328|22.082939
610|45032|388;1128;-17108|-200;-431;334|21.988823
611|45033|192;1152;-17228|-238;-436;390|21.988823
612|45034|168;1240;-17232|-250;-434;391|22.082939
613|45035|236;1188;-17220|-273;-437;417|22.082939
614|45037|176;1056;-17296|-284;-440;448|21.988823
615|45063|-360;1492;-17816|-351;-540;464|21.988823
616|45064|-484;1480;-17696|-360;-564;445|22.082939
617|45065|-460;1500;-17812|-347;-578;433|21.988823
618|45067|-376;1568;-17860|-335;-596;429|22.082939
619|45068|-456;1504;-17976|-324;-597;413|21.988823
620|45069|-480;1500;-17904|-316;-595;402|21.894705
621|45070|-488;1476;-17944|-297;-606;395|22.082939
622|45072|-508;1580;-17920|-272;-612;378|21.988823
623|45073|-428;1504;-18152|-241;-585;404|22.082939
624|45074|-404;1436;-18036|-227;-561;387|22.082939
625|45100|-640;1348;-17940|204;-362;134|21.988823
626|45102|-560;1320;-17948|223;-308;114|21.988823
627|45103|-524;1312;-17764|249;-304;114|21.988823
628|45104|-464;1316;-17656|258;-293;111|21.988823
629|45105|-504;1356;-17772|237;-299;96|22.082939
630|45107|-528;1324;-17844|239;-259;72|21.988823
631|45108|-552;1280;-17668|225;-246;69|22.082939
632|45109|-528;1340;-17696|226;-245;69|22.082939
633|45110|-500;1228;-17552|241;-222;48|21.988823
634|45111|-472;1092;-17484|223;-195;65|21.988823
635|45138|-496;1004;-17460|-66;-159;-114|22.082939
636|45139|-504;980;-17616|-77;-166;-99|22.082939
637|45140|-420;1024;-17436|-86;-159;-104|22.082939
638|45141|-464;1076;-17448|-127;-147;-87|21.988823
639|45143|-412;1104;-17576|-131;-131;-92|22.082939
640|45144|-348;1116;-17528|-130;-128;-132|22.082939
641|45145|-264;1132;-17436|-145;-139;-146|21.988823
642|45146|-264;1112;-17496|-167;-107;-125|21.988823
643|45148|-264;1100;-17544|-192;-88;-133|22.082939
644|45149|-292;1132;-17516|-208;-57;-118|21.988823
645|45175|-264;1284;-17744|-400;336;176|22.082939
646|45176|-248;1292;-17768|-409;350;184|22.082939
647|45177|-172;1252;-17712|-398;330;199|22.082939
648|45178|-208;1216;-17808|-401;313;209|21.988823
649|45179|-280;1268;-17816|-394;307;208|21.988823
650|45181|-276;1344;-17736|-378;315;197|22.082939
651|45182|-288;1368;-17728|-379;279;190|22.082939
652|45183|-260;1184;-17872|-368;304;191|22.082939
653|45184|-296;1164;-17924|-367;306;188|22.082939
654|45186|-408;1328;-17788|-375;279;192|21.988823
655|45187|-228;1292;-17724|-374;287;207|21.988823
656|45213|-256;1348;-17704|-124;71;381|22.082939
657|45214|-244;1348;-17752|-135;37;387|22.082939
658|45215|-332;1292;-17844|-110;-76;372|22.177057
659|45216|-284;1196;-17972|-97;-96;367|22.082939
660|45218|-284;1260;-17812|-94;-116;369|21.988823
661|45219|-372;1224;-17824|-86;-174;361|22.082939
662|45220|-408;1176;-17944|-48;-222;301|21.988823
663|45221|-484;1220;-18032|-41;-267;294|22.082939
664|45223|-536;1144;-18028|-37;-321;280|21.988823
665|45224|-528;1184;-18044|-23;-365;280|21.988823
666|45250|-532;1412;-18040|221;-562;-223|22.082939
667|45251|-416;1400;-17892|235;-483;-246|22.082939
668|45252|-356;1356;-17956|230;-429;-260|22.082939
669|45253|-316;1412;-17752|246;-390;-236|21.988823
670|45254|-268;1428;-17892|268;-336;-203|22.082939
671|45256|-236;1440;-17828|274;-298;-181|22.082939
672|45257|-296;1480;-17792|271;-213;-159|22.082939
673|45258|-296;1500;-17832|270;-189;-166|22.082939
674|45259|-196;1392;-17780|258;-155;-168|22.082939
675|45261|-164;1276;-17704|277;-99;-134|21.988823
676|45286|140;1040;-17228|15;271;22|22.082939
677|45288|156;944;-17076|-48;277;73|21.988823
678|45289|224;852;-17176|-52;256;69|22.082939
679|45290|244;892;-17164|-69;251;66|21.988823
680|45291|224;1000;-17216|-96;245;85|21.988823
681|45293|304;872;-17120|-149;199;116|21.988823
682|45294|312;920;-17176|-178;185;125|21.988823
683|45295|312;892;-17088|-183;157;122|22.082939
684|45296|368;952;-17208|-199;156;156|21.988823
685|45298|432;956;-17064|-278;123;192|21.988823
686|45299|448;1000;-17096|-297;89;232|22.082939
687|45325|20;1224;-17392|-590;-447;643|21.988823
688|45326|-92;1188;-17512|-585;-476;655|21.988823
689|45328|-128;1264;-17256|-578;-477;623|21.988823
690|45329|-224;1220;-17396|-579;-478;637|22.082939
691|45330|-216;1304;-17332|-598;-497;657|22.082939
692|45331|-180;1380;-17320|-586;-518;631|21.988823
693|45333|-416;1376;-17448|-610;-571;631|21.988823
694|45334|-408;1380;-17436|-631;-589;614|22.082939
695|45335|-380;1412;-17436|-629;-621;567|22.082939
696|45336|-460;1356;-17552|-620;-638;528|21.988823
697|45363|-316;1396;-17996|-432;-829;190|22.082939
698|45364|-352;1436;-17940|-422;-802;192|21.988823
699|45365|-292;1336;-17924|-413;-800;200|22.082939
700|45366|-244;1260;-17988|-389;-777;210|22.082939
701|45368|-284;1320;-18020|-378;-763;234|21.988823
702|45369|-300;1348;-18084|-374;-761;275|21.988823
703|45370|-368;1308;-18048|-351;-761;273|21.988823
704|45371|-324;1408;-18036|-331;-712;278|22.082939
705|45373|-292;1312;-17956|-337;-699;275|21.988823
706|45374|-204;1432;-18000|-326;-699;262|21.988823
707|45400|-632;1352;-17916|-252;-676;133|21.988823
708|45401|-592;1324;-18080|-296;-663;125|21.988823
709|45403|-644;1356;-18000|-294;-645;132|21.988823
710|45404|-732;1392;-17908|-265;-634;116|22.082939
711|45405|-664;1376;-18036|-265;-620;91|21.988823
712|45406|-652;1360;-17884|-282;-583;86|21.988823
713|45408|-656;1352;-17956|-267;-579;78|22.082939
714|45409|-564;1308;-17932|-266;-566;64|21.988823
715|45410|-584;1372;-18012|-263;-538;62|22.082939
716|45411|-676;1308;-18004|-243;-504;57|22.082939
717|45438|-848;1272;-18068|-93;-98;-225|21.988823
718|45439|-848;1324;-18080|-88;-93;-228|21.988823
719|45440|-856;1268;-18244|-95;-77;-272|21.988823
720|45441|-828;1304;-18108|-95;-67;-309|22.082939
721|45443|-832;1240;-18156|-57;-71;-317|22.082939
722|45444|-772;1332;-18036|-43;-45;-326|21.988823
723|45445|-764;1296;-18084|-58;-9;-321|21.988823
724|45446|-692;1416;-18120|-52;-5;-351|21.988823
725|45448|-668;1380;-18008|-42;6;-345|21.988823
726|45449|-592;1388;-17948|-43;34;-328|21.988823
727|45474|-396;1380;-17768|-27;160;-259|22.082939
728|45476|-484;1388;-17768|-19;144;-255|22.082939
729|45477|-512;1404;-17720|-4;118;-275|22.082939
730|45478|-516;1416;-17800|-23;112;-279|21.988823
731|45479|-524;1440;-17844|-44;109;-267|21.988823
732|45481|-484;1424;-17772|-48;95;-277|22.082939
733|45482|-380;1396;-17868|-31;91;-332|22.082939
734|45483|-288;1408;-17872|-15;91;-330|22.082939
735|45484|-276;1248;-17864|1;78;-338|21.988823
736|45486|-340;1248;-17828|18;73;-366|21.988823
737|45487|-296;1232;-17708|34;50;-361|22.082939
738|45513|148;1352;-17624|-33;18;-197|22.082939
739|45514|152;1300;-17608|-49;33;-168|21.988823
740|45515|24;1312;-17568|-55;23;-153|21.988823
741|45516|96;1228;-17668|-44;6;-137|22.082939
742|45517|24;1244;-17544|-23;-9;-97|21.988823
743|45519|12;1416;-17696|-43;7;-83|21.988823
744|45520|-88;1236;-17672|-45;-8;-83|21.988823
745|45521|-64;1128;-17732|-47;-11;-59|22.082939
746|45522|-152;1172;-17592|-22;-11;-52|21.988823
747|45524|-240;1208;-17480|-10;-22;-57|21.988823
748|45525|-252;1248;-17588|-3;-24;-59|22.082939
749|45551|-116;1160;-17784|5;-66;-322|21.988823
750|45552|80;1088;-17828|35;-9;-307|22.082939
751|45553|60;1096;-17928|43;27;-297|22.082939
752|45554|72;1208;-17832|33;31;-269|22.082939
753|45556|8;1000;-17704|-8;26;-204|21.988823
754|45557|120;976;-17728|5;35;-206|21.988823
755|45558|96;1096;-17736|12;63;-167|22.082939
756|45559|816;2052;-17476|-19;96;-127|21.988823
757|45561|460;1728;-17508|-56;-3;-50|22.082939
758|45562|468;1468;-17448|-73;27;-49|21.988823
759|45563|324;1220;-17572|-56;41;-10|21.988823
760|45589|248;984;-17440|-267;-392;487|21.988823
761|45590|276;1056;-17416|-271;-443;483|22.082939
762|45591|288;1112;-17504|-279;-485;489|22.082939
763|45592|200;1120;-17540|-311;-536;478|22.082939
764|45594|176;1072;-17516|-347;-554;511|21.988823
765|45595|240;1120;-17480|-352;-598;549|21.988823
766|45596|264;1096;-17416|-349;-646;549|22.082939
767|45597|268;1080;-17660|-352;-678;556|21.988823
768|45599|336;1052;-17616|-372;-656;571|22.082939
769|45600|256;996;-17680|-374;-664;549|21.988823
770|45626|-472;1620;-17980|-351;-672;890|21.988823
771|45627|-524;1752;-17996|-352;-699;877|21.988823
772|45629|-588;1864;-18040|-360;-752;846|21.988823
773|45630|-576;1812;-18036|-360;-771;796|21.988823
774|45631|-756;1788;-17988|-345;-797;749|21.988823
775|45632|-696;1732;-18104|-327;-809;710|22.082939
776|45634|-720;1592;-18108|-300;-831;652|22.082939
777|45635|-716;1692;-18204|-270;-843;618|21.988823
778|45636|-792;1772;-18352|-227;-857;560|21.988823
779|45637|-756;1728;-18352|-197;-870;535|22.082939
780|45664|752;1780;-18476|861;-457;532|22.082939
781|45665|748;1744;-18428|878;-437;583|21.988823
782|45666|944;1444;-18292|964;-385;713|22.082939
783|45667|1132;1388;-18264|984;-361;782|22.082939
784|45669|1172;1304;-18248|998;-329;802|22.082939
785|45670|960;1432;-18316|1031;-361;844|21.988823
786|45671|1260;724;-18248|1085;-373;984|21.988823
787|45672|756;840;-18204|1082;-439;1071|22.082939
788|45674|1300;952;-18192|1080;-480;1142|21.988823
789|45675|1008;1388;-18288|1083;-493;1216|21.988823
790|45701|-692;1664;-18104|1516;-2199;851|22.082939
791|45702|-644;1416;-18148|1527;-2212;804|21.988823
792|45704|-880;1568;-18312|1546;-2262;740|21.894705
793|45705|-468;1356;-18388|1608;-2323;632|22.082939
794|45706|-1128;1172;-18584|1621;-2342;619|21.988823
795|45707|-1320;1044;-18796|1636;-2435;528|22.082939
796|45709|-780;616;-18812|1678;-2484;482|21.988823
797|45710|-1288;608;-19088|1702;-2550;439|22.082939
798|45711|-872;-160;-19096|1753;-2476;369|21.988823
799|45712|-1528;488;-19620|1728;-2427;360|22.082939
800|45739|-704;1488;-18272|2834;-2043;-616|21.988823
801|45740|-840;1072;-18508|2882;-1968;-688|21.988823
802|45741|-772;960;-18580|2896;-1944;-707|21.988823
803|45742|-924;876;-18580|2917;-1927;-744|21.988823
804|45744|-848;880;-18520|2923;-1910;-793|22.082939
805|45745|-592;860;-18244|2947;-1871;-828|21.988823
806|45746|-668;856;-18168|2937;-1832;-821|22.082939
807|45747|-604;824;-18036|2919;-1796;-825|22.082939
808|45749|-516;852;-18000|2903;-1779;-825|21.988823
809|45750|-216;984;-17680|2877;-1689;-807|22.082939
810|45775|532;416;-16612|1775;21;112|21.988823
811|45777|476;264;-16484|1675;112;177|21.988823
812|45778|532;156;-16552|1590;126;240|22.082939
813|45779|304;192;-16712|1531;139;291|22.082939
814|45780|120;128;-16724|1485;128;346|22.082939
815|45782|428;544;-16820|1393;232;445|22.082939
816|45783|-72;1604;-16640|1365;197;488|21.988823
817|45784|812;2000;-16408|1353;263;537|22.082939
818|45785|492;1412;-16324|1290;356;557|22.082939
819|45787|144;432;-16164|1204;410;573|21.988823
820|45788|408;672;-16380|1191;435;551|21.988823
821|45814|-860;-40;-17496|462;-834;917|21.988823
822|45815|-1068;-44;-17600|466;-907;835|21.988823
823|45816|-1024;-24;-17468|443;-978;773|21.988823
824|45817|-1024;0;-17516|400;-1085;760|21.988823
825|45819|-1232;40;-17516|330;-1232;644|21.988823
826|45820|-1248;72;-17536|321;-1290;623|21.988823
827|45821|-1408;168;-17520|317;-1316;594|22.082939
828|45822|-1460;228;-17568|303;-1380;555|22.082939
829|45824|-1444;200;-17628|228;-1479;465|22.082939
830|45825|-1452;256;-17672|205;-1495;412|21.988823
831|45850|-816;584;-17572|4;65;139|22.082939
832|45852|-816;556;-17588|15;143;166|22.082939
833|45853|-804;540;-17632|19;214;173|21.988823
834|45854|-772;476;-17704|-12;275;230|22.082939
835|45855|-832;564;-17552|-79;404;240|22.082939
836|45857|-848;628;-17572|-96;457;238|21.988823
837|45858|-904;652;-17404|-143;503;246|22.082939
838|45859|-892;608;-17336|-168;528;265|21.988823
839|45860|-880;476;-17504|-208;621;274|21.988823
840|45862|-924;336;-17452|-240;637;282|21.988823
841|45887|-564;604;-18012|-398;523;379|21.988823
842|45889|-528;596;-17968|-370;492;379|21.894705
843|45890|-536;604;-18016|-368;477;383|22.082939
844|45891|-560;564;-17988|-380;467;379|21.988823
845|45892|-596;616;-17980|-352;449;407|22.082939
846|45894|-616;624;-18044|-343;423;413|21.988823
847|45895|-552;680;-18036|-344;416;423|22.082939
848|45896|-564;652;-18044|-337;409;403|21.988823
849|45897|-668;512;-18152|-304;372;398|22.082939
850|45898|-632;608;-18068|-293;353;413|22.082939
851|45900|-736;592;-17972|-272;320;393|21.988823
852|45926|-1120;972;-18100|333;-467;-323|21.988823
853|45927|-1080;912;-18120|358;-503;-321|22.082939
854|45929|-1060;916;-17944|367;-509;-334|21.988823
855|45930|-924;936;-18012|384;-504;-363|21.988823
856|45931|-788;848;-17984|420;-478;-379|21.988823
857|45932|-756;848;-17972|444;-460;-384|21.988823
858|45933|-684;816;-17984|448;-444;-376|21.988823
859|45935|-652;804;-17952|445;-437;-381|21.988823
860|45936|-420;868;-17800|478;-412;-373|22.082939
861|45937|-352;836;-17788|480;-397;-349|21.988823
862|45964|292;264;-17168|159;130;499|22.082939
863|45965|260;196;-17328|133;137;508|22.082939
864|45966|52;136;-17428|114;86;567|21.988823
865|45967|-4;160;-17384|104;23;588|21.988823
866|45968|-76;228;-17348|95;-43;583|22.082939
867|45970|-120;236;-17312|73;-76;614|22.082939
868|45971|-292;456;-17172|44;-219;615|21.988823
869|45972|-380;464;-17268|41;-291;626|21.988823
870|45973|-560;532;-17168|46;-378;638|22.082939
871|45975|-620;652;-17088|27;-442;600|22.082939
872|45976|-704;724;-17204|-9;-556;553|22.082939
873|46002|-1712;1604;-18564|600;-1693;-506|21.988823
874|46003|-1804;1404;-18504|658;-1680;-558|22.082939
875|46005|-1780;1328;-18572|761;-1638;-691|21.988823
876|46006|-1808;1272;-18728|809;-1609;-760|21.894705
877|46007|-2012;1252;-18752|846;-1587;-801|21.988823
878|46008|-1852;1284;-18856|896;-1539;-854|22.082939
879|46010|-1808;1296;-18700|980;-1487;-956|21.988823
880|46011|-1728;1204;-18632|1037;-1464;-993|21.988823
881|46012|-1592;1164;-18664|1105;-1448;-1018|22.082939
882|46013|-1484;1152;-18656|1153;-1419;-1070|21.988823
883|46040|-32768;32767;-32768|7122;-854;-1918|22.082939
884|46041|-32768;2524;-32768|1972;4594;908|22.082939
885|46042|4292;-32768;-32768|-1531;-3091;-1449|22.082939
886|46043|-27736;-9676;-32768|-5094;-666;-3289|21.988823
887|46045|32767;-252;-5688|877;-5358;-1334|22.082939
888|46046|-4936;288;-26352|2703;811;-2525|22.177057
889|46047|25992;-32768;-12904|1782;2257;-2101|21.988823
890|46048|13744;-32768;216|-3135;757;-3839|22.082939
891|46050|17056;-4172;-11848|1059;-2253;-2522|22.082939
892|46075|-228;512;-16376|9;1651;814|22.082939
893|46077|-360;552;-16504|-82;1557;856|21.988823
894|46078|-384;592;-16628|-143;1460;796|22.082939
895|46079|-240;464;-16852|-210;1339;831|22.082939
896|46080|-212;104;-17132|-315;1107;825|21.988823
897|46082|-244;88;-17260|-352;999;801|21.988823
898|46083|-140;120;-17436|-336;868;810|21.894705
899|46084|-184;148;-17408|-323;762;805|21.988823
900|46085|-172;60;-17564|-320;531;830|22.082939
901|46087|-64;116;-17688|-317;446;816|21.988823
902|46112|-732;396;-18332|312;-1135;1203|21.988823
903|46113|-952;292;-18208|324;-1208;1191|21.988823
904|46115|-980;376;-18224|336;-1258;1189|22.177057
905|46116|-1060;384;-18156|355;-1342;1162|21.988823
906|46117|-1144;344;-18216|405;-1507;1054|22.082939
907|46118|-1344;336;-18220|432;-1609;1020|22.082939
908|46120|-1500;332;-18256|430;-1719;979|21.988823
909|46121|-1544;180;-18264|427;-1810;943|21.988823
910|46122|-1788;4;-18280|441;-2031;770|21.988823
911|46123|-1848;36;-18280|453;-2155;717|22.082939
912|46149|-1596;20;-17876|-6;-2201;-93|21.988823
913|46150|-1600;32;-17888|-49;-2062;-70|21.988823
914|46152|-1640;-40;-17792|-98;-1898;-69|22.082939
915|46153|-1656;-40;-17732|-182;-1719;-63|22.082939
916|46154|-1504;-140;-17580|-300;-1379;-42|21.988823
917|46155|-1456;-28;-17544|-371;-1215;-31|21.988823
918|46156|-1452;-40;-17384|-453;-1041;-27|21.894705
919|46158|-1380;-152;-17348|-529;-835;-25|22.082939
920|46159|-1460;-228;-17208|-586;-635;24|22.082939
921|46160|-1324;-144;-17140|-722;-309;45|22.082939
922|46186|660;-380;-14736|-3744;3846;939|21.988823
923|46187|64;-380;-14820|-3864;3981;972|22.082939
924|46188|-156;-192;-14864|-3962;4014;1000|22.082939
925|46190|-172;-132;-14852|-4080;4048;1050|22.082939
926|46191|-196;-160;-14872|-4193;4121;1075|21.988823
927|46192|-528;320;-14952|-4395;4372;1079|22.082939
928|46193|1540;32;-14804|-4480;4516;1057|22.082939
929|46195|332;188;-15060|-4552;4620;1070|22.082939
930|46196|1608;-72;-15336|-4618;4767;1072|21.988823
931|46197|984;204;-15376|-4732;4860;1161|21.988823
932|46223|-728;1056;-18128|-5578;2633;1606|22.082939
933|46225|-532;1064;-18144|-5546;2570;1571|22.082939
934|46226|-1028;1008;-18444|-5460;2410;1529|21.988823
935|46227|4;664;-18404|-5394;2372;1523|22.082939
936|46228|-2488;320;-18496|-5357;2095;1469|22.082939
937|46230|1468;960;-18436|-5299;2163;1402|21.988823
938|46231|252;1716;-18736|-5208;1837;1437|21.988823
939|46232|-600;1600;-18740|-5175;1833;1427|21.988823
940|46233|-1848;1776;-19004|-5099;1619;1417|22.082939
941|46234|232;1688;-19168|-5078;1595;1374|22.082939
942|46261|-2468;1832;-21008|-1503;-617;-426|22.082939
943|46262|-2484;2540;-20704|-1414;-696;-505|22.082939
944|46263|-3280;2480;-20572|-1284;-859;-625|22.082939
945|46265|-2320;2696;-20392|-1189;-898;-599|21.988823
946|46266|-2520;2588;-20196|-968;-997;-810|22.082939
947|46267|-2468;2204;-20232|-850;-1041;-943|22.082939
948|46268|-2676;2492;-20628|-726;-1132;-964|22.082939
949|46269|-1724;2492;-20604|-637;-1165;-1110|22.082939
950|46271|-2452;2704;-20380|-438;-1254;-1259|22.082939
951|46272|-1956;2728;-20280|-329;-1251;-1297|22.082939
952|46298|-1248;2192;-18736|1180;-308;-2285|21.988823
953|46299|-1352;1804;-19000|1228;-215;-2376|22.082939
954|46301|-1748;1620;-18940|1272;-167;-2429|22.082939
955|46302|-1416;1608;-18920|1309;-102;-2495|22.082939
956|46303|-1572;1520;-18920|1353;-40;-2541|21.988823
957|46304|-1344;1380;-18668|1440;80;-2612|22.082939
958|46306|-1232;1480;-18564|1460;122;-2632|21.988823
959|46307|-1172;1520;-18480|1484;189;-2649|21.988823
960|46308|-1208;1520;-18328|1505;260;-2674|21.988823
961|46334|1012;668;-16456|879;1936;-2022|22.177057
962|46336|1008;632;-16524|820;1971;-1993|21.988823
963|46337|1052;564;-16400|760;1998;-1948|21.988823
964|46338|1080;664;-16328|688;2010;-1896|21.988823
965|46339|1220;472;-16272|565;2022;-1746|21.988823
966|46341|1228;460;-16144|505;2018;-1677|21.988823
967|46342|1232;456;-16172|439;1981;-1612|21.988823
968|46343|1364;532;-16012|381;1960;-1570|22.082939
969|46344|1468;400;-16096|257;1914;-1422|22.082939
970|46346|1472;364;-16100|199;1899;-1332|21.988823
971|46371|1204;772;-16684|-1231;724;311|21.988823
972|46373|1124;764;-16724|-1254;672;347|21.988823
973|46374|888;940;-16940|-1268;644;369|22.082939
974|46375|704;880;-17024|-1288;542;365|21.988823
975|46376|572;944;-17028|-1294;490;400|21.988823
976|46378|388;1080;-17056|-1296;421;394|22.082939
977|46379|480;1100;-17116|-1309;338;381|21.988823
978|46380|264;1096;-17272|-1333;224;402|21.988823
979|46381|252;1196;-17348|-1331;187;392|22.082939
980|46383|196;1244;-17448|-1308;133;353|22.082939
981|46408|-88;1720;-18644|-427;-796;-269|21.988823
982|46409|52;1760;-18472|-369;-790;-275|21.988823
983|46411|120;1676;-18396|-317;-800;-281|21.988823
984|46412|140;1644;-18524|-237;-815;-214|22.082939
985|46413|144;1644;-18460|-192;-821;-224|22.082939
986|46414|244;1620;-18412|-151;-825;-226|21.988823
987|46416|248;1644;-18488|-115;-818;-182|22.082939
988|46417|320;1584;-18364|-78;-798;-131|21.988823
989|46418|392;1532;-18468|-45;-780;-101|21.988823
990|46419|476;1612;-18240|-3;-775;-88|22.082939
991|46421|432;1608;-18292|11;-786;-51|21.988823
992|46446|-100;1288;-17832|264;-991;92|22.082939
993|46448|-48;1296;-17832|287;-1003;83|22.082939
994|46449|-56;1212;-17704|293;-996;76|22.082939
995|46450|-52;1248;-17904|290;-975;75|21.988823
996|46451|0;1256;-17868|289;-968;62|21.988823
997|46453|96;1288;-17696|282;-956;64|21.988823
998|46454|24;1252;-17740|289;-966;56|21.894705
999|46455|100;1284;-17720|285;-929;67|21.988823
1000|46456|68;1260;-17736|281;-899;80|21.988823
1001|46458|72;1256;-17656|281;-889;80|21.988823
1002|46483|-136;956;-17372|49;-296;146|21.894705
1003|46484|-80;1020;-17220|24;-274;134|22.082939
1004|46486|-92;1048;-17324|-4;-275;123|22.082939
1005|46487|-120;896;-17252|-19;-285;130|21.988823
1006|46488|-80;956;-17248|-48;-296;140|21.988823
1007|46489|-88;956;-17300|-73;-281;139|21.988823
1008|46491|-188;928;-17344|-92;-290;127|22.082939
1009|46492|-40;976;-17348|-110;-312;89|21.988823
1010|46493|-148;924;-17308|-110;-307;106|21.988823
1011|46494|-124;976;-17380|-134;-299;124|22.082939
1012|46496|-136;920;-17224|-166;-281;63|22.082939
1013|46522|-164;1200;-17624|-267;-145;187|21.988823
1014|46523|-196;1260;-17644|-248;-134;176|21.988823
1015|46524|-188;1220;-17732|-234;-134;179|21.894705
1016|46526|-236;1244;-17712|-216;-117;166|22.082939
1017|46527|-276;1148;-17684|-208;-117;144|22.082939
1018|46528|-308;1180;-17752|-192;-131;117|22.082939
1019|46529|-324;1168;-17804|-192;-129;120|22.082939
1020|46531|-320;1284;-17732|-180;-115;117|21.988823
1021|46532|-248;1220;-17760|-155;-103;101|22.082939
1022|46533|-148;1088;-17788|-132;-113;75|21.894705
1023|46559|296;1012;-17428|-175;159;151|21.894705
1024|46561|364;1072;-17304|-196;180;158|21.988823
1025|46562|308;1164;-17268|-209;169;155|21.988823
1026|46563|444;1020;-17428|-227;159;168|22.082939
1027|46564|396;1016;-17476|-256;137;196|21.988823
1028|46566|392;1040;-17380|-266;128;212|21.988823
1029|46567|332;1028;-17500|-297;140;232|22.082939
1030|46568|320;1016;-17368|-312;151;239|21.988823
1031|46569|172;1008;-17380|-331;123;243|21.988823
1032|46571|200;992;-17304|-357;117;259|21.988823
1033|46597|104;1344;-17964|-512;-158;270|21.988823
1034|46598|100;1248;-17940|-500;-152;249|21.988823
1035|46599|100;1228;-17924|-453;-164;259|22.082939
1036|46601|144;1124;-17968|-442;-169;270|22.082939
1037|46602|192;1188;-18040|-441;-179;282|21.988823
1038|46603|108;1272;-17904|-434;-172;264|22.082939
1039|46604|152;1352;-18060|-404;-170;270|21.988823
1040|46606|116;1368;-18052|-393;-174;286|21.988823
1041|46607|36;1244;-18012|-388;-188;275|22.082939
1042|46608|48;1248;-17924|-373;-215;274|21.988823
1043|46634|-96;1144;-17960|-177;-593;211|21.988823
1044|46636|-140;1044;-17944|-155;-598;243|22.082939
1045|46637|-56;1156;-17864|-138;-595;223|21.988823
1046|46638|12;1204;-17908|-126;-613;188|21.988823
1047|46639|-104;1228;-18024|-105;-634;198|22.082939
1048|46641|-224;1212;-17996|-104;-645;206|22.082939
1049|46642|-200;1244;-18064|-107;-648;197|22.082939
1050|46643|-100;1188;-17980|-84;-645;160|21.988823
1051|46644|-64;1212;-18044|-81;-662;179|22.082939
1052|46646|-112;1292;-18164|-73;-651;183|21.988823
1053|46671|-640;1528;-18452|324;-653;-66|22.082939
1054|46672|-620;1504;-18396|373;-653;-87|22.082939
1055|46674|-628;1408;-18336|398;-653;-109|21.894705
1056|46675|-544;1316;-18384|440;-608;-144|21.988823
1057|46676|-584;1320;-18364|442;-596;-164|21.988823
1058|46677|-592;1292;-18300|461;-601;-180|22.082939
1059|46679|-556;1320;-18296|493;-580;-187|21.988823
1060|46680|-560;1308;-18200|525;-553;-235|21.988823
1061|46681|-556;1324;-18212|539;-528;-257|21.988823
1062|46682|-580;1280;-18200|538;-517;-283|21.988823
1063|46708|-544;912;-17700|448;-266;-425|22.082939
1064|46709|-540;784;-17660|425;-277;-457|21.988823
1065|46711|-504;720;-17720|430;-302;-515|22.082939
1066|46712|88;544;-17848|417;-375;-592|22.082939
1067|46713|-1508;640;-17696|399;-469;-575|22.082939
1068|46714|-124;604;-17704|374;-474;-622|22.082939
1069|46716|-1516;520;-17736|349;-549;-636|21.988823
1070|46717|-1312;552;-17824|314;-689;-717|22.082939
1071|46718|-1280;684;-17784|267;-791;-797|21.988823
1072|46719|-1096;712;-17908|224;-861;-855|22.082939
1073|46745|-304;1716;-18340|130;-826;-1671|22.082939
1074|46746|-8;1656;-18432|147;-726;-1627|22.082939
1075|46747|-288;1520;-18472|172;-653;-1589|22.082939
1076|46749|-180;1304;-18276|251;-407;-1486|22.082939
1077|46750|228;1160;-18288|278;-259;-1411|22.082939
1078|46751|-100;988;-18472|302;-145;-1394|21.988823
1079|46752|192;824;-18492|318;-14;-1340|21.988823
1080|46754|144;744;-18640|387;202;-1187|21.988823
1081|46755|-4;684;-18720|394;308;-1140|21.988823
1082|46756|-8;724;-18604|401;408;-1097|21.988823
1083|46782|-168;752;-17692|519;1252;-450|22.082939
1084|46783|-156;712;-17760|500;1255;-416|21.988823
1085|46784|188;720;-17728|497;1258;-379|22.082939
1086|46786|312;752;-17556|465;1238;-370|21.988823
1087|46787|312;732;-17380|427;1239;-359|21.988823
1088|46788|244;712;-17468|416;1228;-361|21.988823
1089|46789|420;636;-17480|379;1246;-334|22.082939
1090|46791|440;716;-17464|369;1250;-316|21.988823
1091|46792|488;592;-17376|349;1241;-287|21.988823
1092|46793|596;648;-17308|341;1231;-245|22.082939
1093|46819|884;588;-16680|-560;1012;863|21.988823
1094|46821|732;640;-16792|-588;925;874|22.082939
1095|46822|720;636;-16708|-617;859;902|21.988823
1096|46823|700;596;-16732|-658;800;903|21.988823
1097|46824|608;520;-16936|-723;631;940|22.082939
1098|46826|500;492;-16888|-739;559;949|22.082939
1099|46827|472;580;-16976|-770;494;924|22.082939
1100|46828|400;620;-16984|-792;430;902|22.082939
1101|46829|388;720;-17108|-846;321;898|22.082939
1102|46831|364;836;-17064|-876;250;875|21.988823
1103|46857|-76;1372;-18092|-559;-1027;354|21.988823
1104|46858|-108;1424;-18176|-480;-1041;335|22.082939
1105|46859|-24;1480;-18208|-441;-1030;363|22.082939
1106|46860|-92;1536;-18216|-414;-1025;339|21.894705
1107|46862|-104;1608;-18288|-391;-1034;323|21.988823
1108|46863|-84;1488;-18140|-301;-1013;345|22.082939
1109|46864|-48;1524;-18136|-253;-1008;334|21.988823
1110|46865|-76;1504;-18212|-223;-985;321|22.082939
1111|46867|-148;1540;-18208|-213;-968;321|22.082939
1112|46868|-48;1476;-18328|-134;-962;350|22.082939
1113|46894|-852;1496;-18380|615;-639;-113|21.988823
1114|46895|-780;1492;-18180|633;-665;-130|21.988823
1115|46897|-780;1488;-18104|642;-669;-153|21.988823
1116|46898|-880;1276;-18136|675;-611;-206|22.082939
1117|46899|-804;1232;-17956|708;-582;-230|21.988823
1118|46900|-696;1184;-18064|749;-553;-253|21.988823
1119|46902|-612;1360;-18088|768;-530;-281|22.082939
1120|46903|-672;1244;-17992|789;-501;-304|21.988823
1121|46904|-752;1348;-17996|777;-462;-332|22.082939
1122|46905|-580;1260;-18084|782;-439;-389|21.988823
1123|46932|400;572;-16748|453;258;-227|21.988823
1124|46933|404;592;-16836|422;267;-180|22.082939
1125|46934|276;584;-16692|389;303;-174|21.988823
1126|46935|468;528;-16680|359;323;-178|22.082939
1127|46937|608;660;-16636|269;371;-128|22.082939
1128|46938|620;556;-16580|237;372;-94|21.988823
1129|46939|648;544;-16612|188;359;-70|22.082939
1130|46940|584;508;-16568|129;341;-48|21.988823
1131|46942|656;480;-16472|19;350;-12|22.177057
1132|46943|684;460;-16440|-17;345;2|21.988823
1133|46944|744;568;-16428|-60;334;39|22.082939
1134|46970|120;932;-17244|-827;-149;229|22.082939
1135|46971|112;1008;-17292|-832;-168;225|21.988823
1136|46972|60;1092;-17340|-822;-201;239|21.988823
1137|46974|12;1088;-17384|-810;-224;207|22.082939
1138|46975|76;1168;-17524|-796;-240;190|22.082939
1139|46976|64;1248;-17760|-808;-249;207|22.082939
1140|46977|-52;1256;-17764|-803;-249;202|22.082939
1141|46979|-76;1236;-17816|-751;-241;164|22.082939
1142|46980|-68;1232;-17968|-735;-236;172|22.082939
1143|46981|-88;1300;-17996|-709;-264;162|21.988823
1144|47007|-396;1164;-18100|-120;-65;-82|21.894705
1145|47008|-260;1256;-18080|-108;-51;-71|21.894705
1146|47009|-316;1248;-18176|-75;-54;-94|21.894705
1147|47010|-264;1120;-18036|-59;-72;-150|21.988823
1148|47012|-280;1156;-18168|-53;-78;-156|21.988823
1149|47013|-332;1148;-18264|-44;-77;-152|21.988823
1150|47014|-228;1220;-18016|-48;-64;-156|22.082939
1151|47015|-244;1120;-18028|-25;-45;-202|21.988823
1152|47017|-100;1192;-18160|-12;-50;-205|22.082939
1153|47018|-120;1160;-17940|-23;-56;-194|21.988823
1154|47044|360;1076;-17680|-172;104;47|21.988823
1155|47045|368;1056;-17844|-169;115;53|22.082939
1156|47046|392;1052;-17680|-184;103;62|22.082939
1157|47047|388;1088;-17864|-201;85;121|22.082939
1158|47049|356;1056;-17800|-193;81;121|22.082939
1159|47050|316;1112;-17744|-203;74;133|22.082939
1160|47051|336;1104;-17704|-202;65;157|21.988823
1161|47052|328;1024;-17776|-250;41;186|22.082939
1162|47054|388;988;-17744|-249;12;200|22.082939
1163|47055|344;1044;-17720|-236;17;214|22.082939
1164|47080|-100;1216;-17900|-189;-467;205|22.082939
1165|47082|-180;1236;-17904|-203;-499;211|21.988823
1166|47083|-184;1256;-18012|-204;-505;205|21.988823
1167|47084|-360;1060;-18040|-186;-532;158|21.988823
1168|47085|-288;1052;-18144|-143;-566;147|22.082939
1169|47087|-304;1084;-18200|-128;-610;117|22.082939
1170|47088|-248;1164;-18008|-124;-625;86|22.082939
1171|47089|-296;1180;-18096|-98;-653;73|22.082939
1172|47090|-276;1276;-18176|-77;-668;65|22.082939
1173|47092|-184;1240;-18268|-68;-685;57|22.082939
1174|47118|-344;1184;-18280|475;-527;-61|22.177057
1175|47119|-352;1144;-18240|472;-502;-61|21.988823
1176|47120|-312;1072;-18312|470;-509;-85|21.894705
1177|47122|-352;1136;-18348|489;-512;-99|22.082939
1178|47123|-304;1028;-18176|513;-463;-119|21.988823
1179|47124|-320;1124;-18240|521;-429;-137|22.082939
1180|47125|-256;1112;-18216|505;-410;-147|22.082939
1181|47127|-308;1152;-18120|521;-391;-138|21.988823
1182|47128|-224;1088;-18236|541;-338;-124|22.082939
1183|47129|-164;1092;-18164|545;-319;-144|22.082939
1184|47155|-48;620;-17772|474;142;-42|22.177057
1185|47157|-60;584;-17776|451;125;-54|21.988823
1186|47158|-116;536;-17764|392;85;-13|21.988823
1187|47159|-140;584;-17720|397;59;-16|21.988823
1188|47160|-76;576;-17708|390;25;-23|22.082939
1189|47162|4;584;-17636|368;12;-28|22.082939
1190|47163|-160;512;-17564|368;-66;-35|22.082939
1191|47164|-116;464;-17536|349;-89;-35|22.082939
1192|47165|-156;496;-17640|320;-103;-11|21.988823
1193|47166|-60;584;-17736|299;-97;-11|22.082939
1194|47168|-84;544;-17772|278;-172;-44|22.082939
1195|47194|124;508;-17536|64;-323;95|21.988823
1196|47195|64;520;-17616|41;-304;102|22.082939
1197|47197|152;600;-17704|66;-208;146|22.082939
1198|47198|-20;588;-17620|71;-200;134|21.988823
1199|47199|36;576;-17704|59;-197;136|21.988823
1200|47200|64;624;-17708|36;-186;144|22.082939
1201|47201|48;592;-17564|5;-175;164|21.988823
1202|47203|24;640;-17528|2;-152;178|22.082939
1203|47204|-24;636;-17608|-9;-121;182|22.082939
1204|47205|-20;688;-17524|-20;-88;199|22.082939
1205|47206|12;676;-17668|-42;-79;213|22.082939
1206|47233|-304;868;-17764|-231;-132;216|22.082939
1207|47234|-276;884;-17756|-218;-154;174|21.988823
1208|47235|-252;964;-17740|-207;-156;181|21.988823
1209|47236|-356;916;-17832|-205;-195;162|22.082939
1210|47238|-448;988;-17920|-205;-232;147|22.082939
1211|47239|-388;872;-17852|-194;-242;133|22.082939
1212|47240|-396;908;-18000|-175;-257;105|22.082939
1213|47241|-288;952;-17956|-146;-279;64|22.082939
1214|47243|-340;1000;-17968|-146;-290;75|21.988823
1215|47244|-328;948;-17836|-142;-294;53|21.988823
1216|47270|-80;1056;-17992|176;-306;-190|21.988823
1217|47271|-32;1168;-17992|177;-307;-208|22.082939
1218|47272|-120;1044;-18004|209;-271;-211|21.988823
1219|47273|-68;1000;-17940|228;-276;-186|21.988823
1220|47275|-36;1004;-18024|246;-278;-186|22.082939
1221|47276|-112;1032;-18024|248;-271;-206|21.988823
1222|47277|-68;1028;-17864|266;-268;-207|21.988823
1223|47278|-32;920;-18020|280;-255;-196|21.988823
1224|47280|-40;864;-17988|284;-273;-206|21.988823
1225|47281|-80;864;-17892|311;-278;-214|21.988823
1226|47307|-32;780;-17756|442;-366;-431|21.988823
1227|47308|48;816;-17760|443;-390;-405|22.082939
1228|47309|8;924;-17600|403;-455;-423|21.988823
1229|47310|160;912;-17688|406;-447;-398|22.082939
1230|47311|44;904;-17632|409;-446;-391|22.082939
1231|47313|12;920;-17544|404;-438;-375|21.988823
1232|47314|188;1108;-17460|384;-424;-373|21.988823
1233|47315|204;1100;-17420|385;-410;-364|22.082939
1234|47316|72;1124;-17560|390;-409;-356|22.082939
1235|47318|212;920;-17540|365;-393;-343|21.988823
1236|47343|308;1056;-17504|186;-122;-174|21.988823
1237|47345|244;940;-17532|169;-124;-171|21.988823
1238|47346|252;788;-17556|188;-141;-190|21.988823
1239|47347|132;672;-17524|175;-142;-170|22.082939
1240|47348|224;584;-17564|158;-125;-162|21.988823
1241|47350|124;732;-17552|151;-134;-166|21.988823
1242|47351|52;1028;-17732|133;-208;-174|22.082939
1243|47352|176;1208;-17668|156;-263;-177|21.988823
1244|47353|260;1228;-17612|160;-275;-157|21.988823
1245|47355|232;1064;-17440|146;-271;-152|21.988823
1246|47380|560;268;-18660|418;-393;-461|21.988823
1247|47381|800;116;-18628|460;-402;-456|22.082939
1248|47383|784;36;-18340|517;-451;-346|22.082939
1249|47384|668;100;-18392|530;-502;-290|22.082939
1250|47385|716;244;-18368|525;-540;-231|22.082939
1251|47386|612;532;-18188|540;-587;-195|21.988823
1252|47388|916;1012;-17960|539;-723;-83|21.988823
1253|47389|668;1200;-17792|541;-745;-33|21.988823
1254|47390|672;1184;-17720|555;-728;18|21.988823
1255|47391|848;1244;-17520|547;-723;62|21.988823
1256|47393|664;1268;-17680|540;-713;130|21.988823
1257|47419|-216;888;-18480|1074;-758;159|21.988823
1258|47420|-88;896;-18532|1102;-758;134|21.988823
1259|47421|-220;940;-18320|1167;-771;118|22.082939
1260|47423|-220;852;-18232|1209;-768;136|22.082939
1261|47424|-280;876;-18292|1245;-774;112|21.988823
1262|47425|-248;952;-18292|1242;-765;87|21.988823
1263|47426|-296;960;-18192|1249;-759;47|22.082939
1264|47428|-388;928;-18084|1285;-771;19|21.988823
1265|47429|-352;928;-18080|1318;-774;-4|22.082939
1266|47430|-264;884;-18036|1345;-802;-35|22.082939
1267|47456|220;724;-17484|1248;-1309;-377|21.988823
1268|47458|308;600;-17496|1233;-1323;-372|21.988823
1269|47459|344;468;-17484|1221;-1312;-340|21.988823
1270|47460|136;596;-17612|1202;-1317;-314|22.082939
1271|47461|384;644;-17616|1195;-1273;-338|21.988823
1272|47463|292;600;-17656|1198;-1294;-308|22.082939
1273|47464|260;588;-17700|1186;-1302;-288|21.988823
1274|47465|244;540;-17592|1180;-1305;-294|21.988823
1275|47466|-48;336;-17720|1170;-1408;-249|22.082939
1276|47468|288;376;-17692|1159;-1468;-196|21.988823
1277|47494|672;-16;-17484|1114;-1518;411|21.988823
1278|47495|484;-4;-17416|1047;-1595;448|22.082939
1279|47496|364;-96;-17472|1032;-1632;478|21.988823
1280|47498|488;-100;-17460|1024;-1670;487|21.988823
1281|47499|524;-12;-17404|990;-1675;480|22.082939
1282|47500|428;-20;-17248|909;-1700;532|21.988823
1283|47501|492;-4;-17240|871;-1730;528|22.082939
1284|47503|464;-4;-17228|830;-1754;536|21.988823
1285|47504|376;48;-17176|793;-1754;544|21.988823
1286|47505|628;60;-17184|731;-1781;588|21.988823
1287|47531|-160;544;-17676|-56;-1402;1493|22.082939
1288|47533|-212;528;-17648|-58;-1369;1485|21.988823
1289|47534|-152;548;-17692|-62;-1305;1488|21.988823
1290|47535|-312;400;-17820|-39;-1210;1509|22.082939
1291|47536|-324;464;-17980|-14;-1166;1510|21.988823
1292|47538|-396;572;-17932|2;-1128;1496|21.988823
1293|47539|-472;512;-17924|-1;-1131;1482|22.082939
1294|47540|-652;388;-18224|42;-1140;1469|21.988823
1295|47541|-588;480;-18316|82;-1155;1496|21.988823
1296|47543|-696;544;-18288|117;-1162;1469|21.988823
1297|47568|-1388;552;-18724|922;-1661;394|21.988823
1298|47570|-1296;752;-18708|947;-1685;344|22.082939
1299|47571|-1232;664;-18604|1026;-1659;316|22.082939
1300|47572|-1124;644;-18636|1077;-1634;272|21.988823
1301|47573|-1200;664;-18616|1096;-1656;225|21.988823
1302|47574|-1152;648;-18636|1104;-1676;193|22.082939
1303|47576|-1224;480;-18444|1129;-1679;165|21.988823
1304|47577|-1336;496;-18456|1152;-1703;166|21.988823
1305|47578|-1280;508;-18516|1163;-1693;136|21.988823
1306|47579|-1096;516;-18568|1184;-1681;80|21.988823
1307|47605|80;-204;-17368|1306;-1612;-137|22.082939
1308|47606|128;-196;-17384|1261;-1628;-105|22.082939
1309|47608|424;-148;-17092|1202;-1628;-48|21.988823
1310|47609|72;-240;-17268|1174;-1647;11|21.988823
1311|47610|140;-272;-17196|1136;-1641;37|21.988823
1312|47611|156;-276;-17096|1076;-1623;53|21.988823
1313|47613|200;-336;-17048|975;-1610;139|22.082939
1314|47614|64;-292;-17008|940;-1612;173|22.082939
1315|47615|20;-268;-16940|901;-1603;179|21.894705
1316|47616|76;-364;-16944|832;-1570;190|22.082939
1317|47642|10932;-6856;-32768|-597;-446;-1222|22.082939
1318|47643|1632;-11676;-32768|-956;-173;1160|22.082939
1319|47645|-988;-8760;-17672|-984;-148;626|21.988823
1320|47646|2668;-4796;-16584|-1037;-270;-551|21.988823
1321|47647|1556;556;-16320|-1168;-131;762|21.988823
1322|47648|-3376;1784;-16344|-1267;-156;-84|21.988823
1323|47649|992;736;-16852|-1502;241;410|22.082939
1324|47651|804;32;-17276|-1600;524;1237|21.894705
1325|47652|956;-264;-17752|-1606;711;884|22.082939
1326|47678|-2020;816;-19476|-1561;2119;563|21.988823
1327|47679|-2096;832;-19544|-1452;2100;490|22.082939
1328|47680|-2108;868;-19756|-1352;2075;437|21.988823
1329|47681|-2040;912;-19836|-1160;2003;329|22.082939
1330|47683|-1964;928;-19824|-1060;1946;268|22.082939
1331|47684|-1888;968;-19948|-950;1903;215|22.082939
1332|47685|-1864;1144;-19928|-862;1858;200|22.177057
1333|47686|-1816;1108;-19848|-634;1683;104|21.988823
1334|47688|-1748;1080;-19832|-554;1620;56|21.988823
1335|47689|-1744;1104;-19868|-468;1567;41|22.082939
1336|47715|-616;328;-18868|1509;-642;-580|22.082939
1337|47716|-732;324;-18900|1530;-692;-586|22.177057
1338|47718|-868;292;-18944|1550;-753;-596|21.988823
1339|47719|-828;344;-18720|1570;-812;-589|22.082939
1340|47720|-904;212;-18656|1603;-950;-626|21.988823
1341|47721|-876;172;-18500|1598;-999;-634|21.988823
1342|47723|-892;108;-18396|1602;-1052;-632|22.082939
1343|47724|-964;76;-18312|1587;-1124;-650|22.082939
1344|47725|-1068;72;-18320|1573;-1171;-702|21.988823
1345|47726|-1116;-24;-18316|1562;-1205;-716|21.988823
1346|47753|-596;-280;-15600|-78;-760;-1678|22.082939
1347|47754|-160;-324;-15528|-173;-624;-1695|21.988823
1348|47755|408;-256;-15244|-384;-319;-1678|22.082939
1349|47756|-104;-272;-15020|-482;-265;-1640|22.082939
1350|47758|336;-424;-15032|-609;-175;-1634|22.082939
1351|47759|1612;-448;-14916|-746;58;-1639|22.082939
1352|47760|1024;-160;-14752|-1014;286;-1457|21.988823
1353|47761|1556;-340;-14508|-1159;415;-1370|21.894705
1354|47763|836;-360;-14480|-1307;492;-1288|22.082939
1355|47789|1540;1396;-14900|-4847;3319;2228|22.082939
1356|47790|1044;1244;-15292|-5053;3184;2273|21.988823
1357|47791|1108;860;-15576|-5183;3083;2328|22.082939
1358|47793|1168;380;-15752|-5259;3032;2353|22.082939
1359|47794|1208;-444;-16140|-5309;3022;2395|22.082939
1360|47795|408;-892;-16280|-5276;2985;2399|21.988823
1361|47796|1136;-960;-16504|-5242;2999;2408|22.082939
1362|47798|240;-800;-16632|-5187;2974;2396|22.082939
1363|47799|220;84;-16752|-5157;2924;2460|22.082939
1364|47800|1392;352;-16832|-5180;3020;2434|22.082939
1365|47826|-2356;140;-19428|-4469;768;1807|21.988823
1366|47828|-2620;644;-19228|-4419;640;1697|21.988823
1367|47829|-3040;1388;-19068|-4324;284;1407|21.988823
1368|47830|-3052;1480;-19080|-4262;119;1296|21.988823
1369|47831|-3208;1564;-19088|-4239;-41;1148|22.082939
1370|47833|-3128;1668;-19100|-4172;-169;1035|21.988823
1371|47834|-2968;1608;-19456|-3999;-296;744|21.988823
1372|47835|-3276;1752;-19308|-3914;-407;594|21.988823
1373|47836|-2772;1704;-19524|-3773;-453;491|22.082939
1374|47837|-3316;1560;-19448|-3615;-508;322|21.988823
1375|47863|-1848;2252;-20324|-581;-549;-2078|21.988823
1376|47864|-1840;2172;-20156|-491;-480;-2112|22.082939
1377|47866|-1540;2096;-20188|-251;-304;-2168|22.082939
1378|47867|-1556;2112;-19948|-153;-220;-2158|21.988823
1379|47868|-1108;2116;-19976|-69;-122;-2146|21.988823
1380|47869|-1320;1972;-19832|30;-4;-2165|22.082939
1381|47871|-1032;1932;-19676|218;205;-2147|22.082939
1382|47872|-1248;1852;-19472|294;300;-2142|21.988823
1383|47873|-1252;1692;-19468|371;378;-2141|21.988823
1384|47899|16;796;-17280|591;1637;-2068|22.082939
1385|47900|40;752;-17140|568;1663;-2039|21.988823
1386|47901|144;656;-17184|547;1682;-2031|22.082939
1387|47903|300;556;-16944|463;1736;-1939|21.988823
1388|47904|460;532;-17032|426;1765;-1901|21.988823
1389|47905|584;500;-16948|393;1790;-1896|21.988823
1390|47906|528;384;-16896|350;1795;-1861|22.082939
1391|47908|576;388;-16840|253;1824;-1801|22.082939
1392|47909|564;420;-16728|207;1855;-1761|21.988823
1393|47910|616;348;-16564|173;1870;-1734|21.988823
1394|47936|1284;432;-16064|-1279;2583;-492|21.988823
1395|47937|1176;564;-16164|-1323;2590;-442|21.988823
1396|47938|1176;468;-16324|-1448;2636;-373|22.082939
1397|47939|1172;480;-16360|-1506;2639;-317|22.082939
1398|47941|1056;528;-16436|-1565;2637;-265|21.988823
1399|47942|1088;496;-16552|-1612;2640;-235|22.082939
1400|47943|1000;520;-16416|-1682;2644;-155|21.988823
1401|47944|848;568;-16512|-1733;2637;-132|22.082939
1402|47946|852;568;-16588|-1771;2621;-92|22.082939
1403|47947|736;568;-16624|-1810;2614;-94|22.082939
1404|47973|244;1256;-17624|-1932;1581;-4|22.082939
1405|47974|280;1256;-17680|-1907;1514;-35|21.988823
1406|47975|284;1244;-17776|-1846;1420;-27|21.988823
1407|47976|340;1244;-17856|-1826;1361;14|21.988823
1408|47978|300;1296;-17836|-1800;1283;20|21.988823
1409|47979|332;1424;-17916|-1761;1228;-10|22.082939
1410|47980|332;1388;-17984|-1671;1152;-2|21.988823
1411|47981|272;1452;-17944|-1619;1101;12|21.988823
1412|47983|296;1396;-18028|-1576;1037;26|22.082939
1413|47984|340;1376;-17916|-1575;995;22|21.988823
1414|48010|160;1568;-18272|-603;-465;-42|21.988823
1415|48011|48;1484;-18192|-562;-484;-77|22.082939
1416|48013|132;1536;-18392|-533;-530;-115|22.082939
1417|48014|104;1652;-18360|-487;-595;-132|22.082939
1418|48015|216;1616;-18336|-419;-691;-138|21.988823
1419|48016|72;1656;-18300|-381;-726;-159|22.082939
1420|48018|132;1676;-18228|-342;-777;-181|21.988823
1421|48019|132;1648;-18288|-299;-809;-194|22.082939
1422|48020|96;1744;-18116|-229;-883;-230|22.082939
1423|48021|112;1748;-18168|-215;-907;-237|22.082939
1424|48048|236;1516;-17904|296;-1211;-396|21.894705
1425|48049|256;1512;-17888|289;-1197;-408|21.988823
1426|48050|316;1424;-17888|280;-1193;-427|22.082939
1427|48051|316;1520;-17900|288;-1197;-434|21.988823
1428|48052|252;1504;-17812|290;-1192;-425|21.988823
1429|48054|316;1356;-17936|314;-1191;-448|22.082939
1430|48055|192;1348;-17884|326;-1183;-446|22.082939
1431|48056|248;1420;-17932|309;-1174;-462|21.988823
1432|48057|332;1384;-17904|317;-1173;-475|21.988823
1433|48059|284;1416;-17960|328;-1150;-442|22.082939
1434|48085|460;1292;-17736|198;-354;-192|22.082939
1435|48086|448;1244;-17660|178;-318;-187|21.988823
1436|48087|632;1332;-17780|182;-270;-175|21.988823
1437|48089|492;1268;-17708|164;-257;-159|22.082939
1438|48090|444;1304;-17680|135;-223;-146|21.988823
1439|48091|436;1232;-17700|111;-196;-138|21.988823
1440|48092|420;1232;-17480|93;-152;-123|21.988823
1441|48094|392;1304;-17580|79;-108;-112|22.082939
1442|48095|400;1292;-17520|88;-103;-97|21.988823
1443|48096|448;1280;-17708|82;-74;-89|21.988823
1444|48122|364;1256;-17652|-42;-93;-188|21.988823
1445|48124|460;1208;-17668|-44;-123;-201|21.988823
1446|48125|356;1232;-17688|-42;-133;-220|22.082939
1447|48126|332;1204;-17744|-32;-145;-223|22.082939
1448|48127|292;1240;-17788|-31;-174;-246|21.988823
1449|48129|356;1256;-17780|-39;-198;-238|21.988823
1450|48130|344;1300;-17840|-41;-207;-232|22.082939
1451|48131|368;1276;-17860|-51;-210;-248|21.988823
1452|48132|380;1332;-17856|-46;-237;-274|21.988823
1453|48134|420;1288;-17900|-21;-250;-251|21.988823
1454|48159|484;1332;-17896|78;-272;-263|21.988823
1455|48161|448;1324;-17996|81;-270;-261|22.082939
1456|48162|472;1220;-18012|73;-259;-278|21.988823
1457|48163|412;1204;-18016|93;-239;-302|22.082939
1458|48164|476;1104;-17896|83;-266;-273|21.988823
1459|48166|520;1100;-17864|78;-272;-262|21.988823
1460|48167|556;1088;-17728|95;-273;-274|22.082939
1461|48168|564;1176;-17832|99;-253;-293|22.082939
1462|48169|560;1168;-17932|80;-256;-312|21.988823
1463|48171|560;1156;-17864|79;-273;-313|22.082939
1464|48196|924;1164;-17592|-108;-115;56|21.988823
1465|48197|892;1140;-17680|-101;-96;59|21.988823
1466|48199|808;1148;-17676|-106;-94;82|21.988823
1467|48200|764;1136;-17676|-129;-88;97|21.988823
1468|48201|736;1228;-17572|-148;-76;116|21.988823
1469|48202|740;1192;-17516|-153;-79;132|22.082939
1470|48204|696;1176;-17616|-144;-78;146|22.082939
1471|48205|764;1148;-17624|-148;-60;131|21.988823
1472|48206|704;1076;-17728|-156;-82;151|21.988823
1473|48207|644;1048;-17668|-156;-92;166|22.082939
1474|48233|332;1236;-17776|-157;-351;-28|22.082939
1475|48234|436;1236;-17936|-142;-350;-16|21.988823
1476|48236|460;1192;-17892|-137;-350;-10|22.082939
1477|48237|432;1220;-17864|-138;-366;-44|21.988823
1478|48238|476;1184;-17912|-144;-370;-53|22.082939
1479|48239|404;1172;-17848|-135;-390;-57|21.894705
1480|48241|468;1248;-17836|-134;-383;-63|22.082939
1481|48242|584;1324;-17816|-138;-369;-60|21.988823
1482|48243|540;1256;-17764|-134;-371;-53|21.988823
1483|48244|504;1304;-17876|-139;-371;-44|22.082939
1484|48270|552;1276;-18132|-125;-350;45|21.988823
1485|48271|532;1280;-18064|-125;-359;50|22.082939
1486|48272|532;1200;-18048|-102;-366;82|21.988823
1487|48274|504;1244;-18096|-94;-348;61|21.988823
1488|48275|496;1288;-18152|-69;-350;89|22.177057
1489|48276|508;1280;-18176|-51;-357;95|21.988823
1490|48277|488;1172;-18204|-39;-364;89|21.988823
1491|48279|520;1212;-18064|-28;-357;109|22.082939
1492|48280|564;1316;-18208|12;-340;87|21.988823
1493|48281|552;1276;-18248|38;-350;113|21.988823
1494|48282|492;1248;-18196|35;-353;144|21.988823
1495|48309|440;1040;-17728|93;-419;232|21.988823
1496|48310|456;976;-17716|91;-441;218|21.988823
1497|48311|448;1036;-17772|91;-434;248|21.988823
1498|48312|352;1016;-17672|81;-442;268|21.988823
1499|48314|436;988;-17652|34;-407;269|22.082939
1500|48315|524;1012;-17720|30;-414;257|21.988823
1501|48316|408;1036;-17628|45;-435;260|22.082939
1502|48317|400;960;-17684|62;-438;282|22.082939
1503|48319|328;948;-17692|23;-420;303|21.988823
1504|48320|260;1008;-17556|7;-417;277|22.082939
1505|48346|108;1096;-18000|-105;-410;67|21.988823
1506|48347|196;1144;-17980|-108;-394;68|21.988823
1507|48349|168;1068;-18032|-83;-364;105|21.988823
1508|48350|192;1128;-18036|-71;-348;83|22.082939
1509|48351|152;1180;-18036|-49;-324;66|21.988823
1510|48352|120;1148;-17988|-55;-311;77|22.082939
1511|48354|188;1136;-17892|-62;-305;103|21.988823
1512|48355|136;1164;-17964|-78;-288;98|21.988823
1513|48356|228;1236;-17916|-50;-264;121|22.082939
1514|48357|364;1248;-17912|-36;-264;130|22.082939
1515|48359|376;1184;-18036|-41;-230;127|22.082939
1516|48385|132;1032;-17688|-98;-457;359|21.988823
1517|48386|12;1004;-17696|-112;-474;331|21.988823
1518|48387|40;904;-17656|-109;-521;298|21.988823
1519|48389|44;932;-17732|-102;-561;323|21.988823
1520|48390|96;888;-17764|-116;-576;346|21.988823
1521|48391|16;948;-17724|-113;-577;328|22.082939
1522|48392|32;1008;-17824|-107;-640;299|22.082939
1523|48394|4;1104;-17880|-106;-671;321|22.082939
1524|48395|-28;960;-17772|-100;-696;331|22.082939
1525|48396|0;1032;-17684|-93;-714;318|22.082939
1526|48422|-236;1152;-17884|92;-799;116|22.082939
1527|48424|-256;1232;-17868|112;-785;96|21.988823
1528|48425|-280;1220;-17872|130;-770;58|22.082939
1529|48426|-216;1184;-17900|143;-743;58|21.988823
1530|48427|-168;1244;-17836|119;-744;61|21.988823
1531|48429|-168;1212;-17832|123;-721;66|21.988823
1532|48430|-188;1184;-17896|118;-694;82|22.082939
1533|48431|-108;1276;-17884|135;-697;53|22.082939
1534|48432|-180;1220;-17904|139;-657;15|21.988823
1535|48433|-48;1264;-17964|132;-650;31|22.177057
1536|48459|-308;1156;-17556|82;-304;-113|22.082939
1537|48460|-224;1200;-17660|87;-314;-122|22.082939
1538|48462|-188;1112;-17704|100;-304;-112|21.988823
1539|48463|-244;1176;-17456|85;-265;-117|22.082939
1540|48464|-220;1264;-17500|80;-260;-135|22.082939
1541|48465|-140;1128;-17504|72;-249;-130|21.988823
1542|48467|-92;1112;-17452|47;-239;-110|21.988823
1543|48468|-24;1096;-17516|42;-232;-112|22.082939
1544|48469|-100;1108;-17548|20;-235;-123|21.988823
1545|48470|-108;1124;-17536|22;-267;-93|22.082939
1546|48496|-248;1180;-17468|-183;-37;-65|21.988823
1547|48497|-224;1144;-17496|-178;-31;-63|22.082939
1548|48498|-180;1052;-17536|-178;-39;-57|22.082939
1549|48500|-72;992;-17688|-183;-61;-79|21.988823
1550|48501|-92;1000;-17664|-178;-37;-80|22.082939
1551|48502|-128;1000;-17656|-174;-41;-69|22.177057
1552|48503|-168;1008;-17736|-172;-69;-80|22.082939
1553|48505|-196;1044;-17704|-190;-87;-95|21.988823
1554|48506|-188;956;-17516|-178;-96;-100|21.988823
1555|48507|-108;944;-17640|-167;-119;-127|21.988823
1556|48533|28;1136;-17988|-2;-359;-304|22.082939
1557|48534|24;1096;-17948|14;-329;-328|22.082939
1558|48535|52;1032;-17868|16;-336;-314|22.082939
1559|48537|140;1124;-17844|17;-338;-274|21.988823
1560|48538|200;1072;-17780|24;-327;-274|22.177057
1561|48539|196;1024;-17700|40;-316;-268|21.988823
1562|48540|84;1088;-17740|31;-302;-238|21.988823
1563|48542|88;1064;-17828|25;-301;-208|22.177057
1564|48543|216;1184;-17728|18;-269;-191|22.082939
1565|48544|140;1040;-17836|24;-268;-176|22.082939
1566|48545|120;1032;-17792|34;-244;-163|21.988823
1567|48571|-260;1108;-17624|90;-106;-170|21.988823
1568|48572|-232;1184;-17560|88;-113;-188|21.988823
1569|48573|-268;1164;-17768|81;-119;-188|22.082939
1570|48575|-320;1144;-17720|92;-126;-229|22.082939
1571|48576|-368;1152;-17808|98;-113;-263|22.082939
1572|48577|-256;1156;-17952|116;-109;-250|22.082939
1573|48578|-256;1248;-17648|119;-115;-287|21.988823
1574|48580|-320;1220;-17736|109;-122;-310|21.988823
1575|48581|-348;1176;-17792|114;-104;-310|22.082939
1576|48582|-256;1252;-17808|128;-104;-283|21.988823
1577|48608|76;1044;-17620|138;-17;-385|22.082939
1578|48610|144;944;-17656|128;-13;-379|21.988823
1579|48611|148;920;-17672|113;-23;-388|22.082939
1580|48612|180;992;-17516|94;-13;-403|21.988823
1581|48613|180;1032;-17368|99;-15;-379|22.082939
1582|48615|140;1060;-17536|87;-31;-380|21.988823
1583|48616|176;1008;-17548|76;-23;-375|22.082939
1584|48617|176;936;-17452|76;-40;-363|22.082939
1585|48618|200;972;-17516|38;-21;-368|21.988823
1586|48620|240;920;-17424|29;-56;-375|21.988823
