0|10618|-4976;-283;-175|0;0;0|36.606468
0|10731|-5008;-77;-320|0;0;0|36.371174
0|10743|-5008;36;-470|0;0;0|36.106468
0|10754|-5040;90;-535|0;0;0|35.924118
0|10765|-4976;68;-585|0;0;0|35.750587
0|10776|-4976;-1;-635|0;0;0|35.700588
0|10788|-5008;-72;-633|0;0;0|35.600586
0|10799|-5008;-135;-590|0;0;0|35.615292
0|10811|-5008;-181;-497|0;0;0|35.727058
0|10822|-4976;-189;-360|0;0;0|36.003529
0|10833|-5008;-208;-266|0;0;0|36.259411
0|10845|-5008;-200;-181|0;0;0|36.432941
0|10856|-4976;-128;-107|0;0;0|36.662354
0|10892|-4976;138;46|0;0;0|37.279999
0|10904|-5008;94;-8|0;0;0|37.194706
0|10915|-5008;-20;-24|0;0;0|36.824116
0|10926|-5008;-210;-79|0;0;0|36.650585
0|10937|-5008;-460;-157|0;0;0|36.285881
0|10949|-5040;-749;-281|0;0;0|35.956470
0|10960|-4944;-913;-444|0;0;0|35.638821
0|10972|-4976;-888;-547|0;0;0|35.553528
0|10983|-4976;-747;-533|0;0;0|35.674118
0|10995|-4976;-381;-538|0;0;0|35.827057
0|11006|-5008;75;-586|0;0;0|35.915295
0|11017|-5008;453;-728|0;0;0|35.971176
0|11029|-4976;730;-646|0;0;0|36.274117
0|11065|-5008;231;131|0;0;0|37.612350
0|11076|-4976;-258;142|0;0;0|37.627056
0|11087|-4976;-641;215|0;0;0|37.571175
0|11099|-5008;-887;279|0;0;0|37.627056
0|11110|-4976;-859;255|0;0;0|37.335880
0|11121|-5008;-660;-41|0;0;0|36.668236
0|11133|-4976;-306;-496|0;0;0|35.891762
0|11144|-5008;103;-661|0;0;0|35.427059
0|11155|-5008;427;-633|0;0;0|35.527058
0|11167|-4976;573;-540|0;0;0|35.550587
0|11178|-4976;351;-444|0;0;0|35.477058
0|11190|-5008;127;-495|0;0;0|35.247646
0|11201|-5008;-307;-490|0;0;0|35.338821
0|11237|-5008;-945;-233|0;0;0|36.303528
0|11248|-5008;-713;-385|0;0;0|36.353527
0|11260|-4976;-158;-459|0;0;0|36.265293
0|11271|-4976;329;-337|0;0;0|36.606468
0|11283|-5008;700;-48|0;0;0|37.532940
0|11294|-5008;786;224|0;0;0|38.124115
0|11305|-5008;584;444|0;0;0|38.327057
0|11316|-4976;318;377|0;0;0|38.185883
0|11328|-4976;81;255|0;0;0|37.721176
0|11339|-4976;-242;117|0;0;0|37.244705
0|11350|-4976;-554;-119|0;0;0|36.827057
0|11362|-4976;-738;-378|0;0;0|36.312351
0|11373|-5008;-674;-580|0;0;0|35.571175
0|11409|-4976;42;-495|0;0;0|35.535881
0|11420|-4976;220;-461|0;0;0|35.694706
0|11432|-5008;225;-422|0;0;0|35.868233
0|11443|-5008;227;-346|0;0;0|35.985882
0|11454|-4976;105;-351|0;0;0|35.930000
0|11466|-4976;-78;-343|0;0;0|35.988823
0|11477|-4976;-243;-347|0;0;0|36.359409
0|11489|-4976;-310;-293|0;0;0|36.594704
0|11500|-5008;-298;-191|0;0;0|36.871174
0|11512|-5008;-198;-71|0;0;0|37.256470
0|11523|-4976;-32;65|0;0;0|37.574116
0|11534|-4976;63;122|0;0;0|37.597645
0|11570|-5008;-169;-62|0;0;0|36.685883
0|11582|-5008;-313;-274|0;0;0|36.159412
0|11593|-5008;-411;-478|0;0;0|35.615292
0|11605|-5008;-360;-651|0;0;0|35.335880
0|11616|-4976;-280;-692|0;0;0|35.185883
0|11628|-5008;-123;-617|0;0;0|35.538822
0|11639|-4976;74;-432|0;0;0|35.941765
0|11650|-5008;147;-225|0;0;0|36.518234
0|11662|-4976;116;-28|0;0;0|37.077057
0|11673|-5008;12;114|0;0;0|37.368233
0|11684|-4976;-148;102|0;0;0|37.427059
0|11695|-5008;-287;-12|0;0;0|37.232941
0|11707|-5008;-373;-189|0;0;0|36.874115
0|11743|-4976;-28;-503|0;0;0|35.982941
0|11755|-4976;96;-448|0;0;0|35.932941
0|11766|-5008;109;-374|0;0;0|36.015293
0|11777|-5008;74;-256|0;0;0|35.947647
0|11789|-5008;-90;-162|0;0;0|36.132938
0|11800|-5008;-244;-145|0;0;0|36.159412
0|11811|-5008;-390;-194|0;0;0|36.194706
0|11823|-4976;-423;-224|0;0;0|36.238823
0|11834|-4976;-351;-274|0;0;0|36.391762
0|11846|-4976;-233;-258|0;0;0|36.574116
0|11857|-5008;-61;-175|0;0;0|36.859409
0|11869|-5008;55;-95|0;0;0|37.118233
0|11880|-4976;89;-7|0;0;0|37.227058
0|11916|-4976;-245;-158|0;0;0|36.609409
0|11927|-4976;-309;-319|0;0;0|36.232941
0|11939|-5008;-339;-511|0;0;0|35.765293
0|11950|-5008;-248;-625|0;0;0|35.574116
0|11962|-4976;-87;-702|0;0;0|35.512352
0|11973|-5008;67;-628|0;0;0|35.677059
0|11984|-5008;140;-498|0;0;0|36.059410
0|11996|-5008;158;-332|0;0;0|36.421177
0|12007|-5008;89;-160|0;0;0|36.712353
0|12018|-4976;-58;-22|0;0;0|36.906471
0|12030|-5008;-223;32|0;0;0|37.009411
0|12041|-5008;-315;19|0;0;0|36.894703
0|12052|-5008;-390;-49|0;0;0|36.694706
0|12089|-4976;-153;-219|0;0;0|36.182941
0|12100|-4976;-67;-251|0;0;0|36.221176
0|12112|-5008;-81;-268|0;0;0|36.244705
0|12123|-5008;-116;-239|0;0;0|36.256470
0|12134|-5008;-196;-199|0;0;0|36.412354
0|12146|-4976;-209;-177|0;0;0|36.653526
0|12157|-4976;-171;-200|0;0;0|36.735882
0|12169|-5008;-59;-290|0;0;0|36.718235
0|12180|-4976;95;-369|0;0;0|36.759411
0|12191|-5008;234;-398|0;0;0|36.721176
0|12203|-5008;269;-382|0;0;0|36.647644
0|12214|-4976;237;-367|0;0;0|36.465294
0|12226|-4976;44;-278|0;0;0|36.497646
0|12261|-4976;-627;-280|0;0;0|35.827057
0|12273|-5008;-709;-430|0;0;0|35.550587
0|12284|-4976;-593;-527|0;0;0|35.256470
0|12296|-5008;-400;-557|0;0;0|35.318233
0|12307|-5008;-180;-517|0;0;0|35.535881
0|12319|-4976;92;-431|0;0;0|36.068233
0|12330|-5008;321;-242|0;0;0|36.571175
0|12341|-5008;425;-101|0;0;0|36.915295
0|12353|-4944;320;24|0;0;0|37.159412
0|12364|-5008;71;133|0;0;0|37.585880
0|12375|-4976;-287;350|0;0;0|38.129997
0|12386|-4976;-440;526|0;0;0|38.362350
0|12422|-4976;-451;-387|0;0;0|36.132938
0|12434|-4976;-247;-539|0;0;0|35.853527
0|12445|-4976;-48;-604|0;0;0|35.674118
0|12456|-4976;-32;-660|0;0;0|35.418236
0|12468|-4976;50;-812|0;0;0|34.868233
0|12479|-4976;-247;-1001|0;0;0|35.006470
0|12491|-5008;-352;-832|0;0;0|35.012352
0|12502|-4976;-313;-626|0;0;0|35.262352
0|12514|-5008;-237;-560|0;0;0|35.535881
0|12525|-5008;-83;-532|0;0;0|35.832939
0|12536|-4976;-9;-336|0;0;0|36.509411
0|12548|-5008;171;12|0;0;0|37.603527
0|12559|-4976;319;519|0;0;0|38.888821
0|12595|-5008;563;496|0;0;0|38.382938
0|12606|-5008;396;210|0;0;0|37.071175
0|12617|-4976;-380;-410|0;0;0|34.682941
0|12629|-4976;-1785;-1259|0;0;0|33.985882
0|12640|-4976;-2330;-408|0;0;0|35.756470
0|12652|-5008;-2284;606|0;0;0|38.388821
0|12663|-4976;-1078;837|0;0;0|37.512352
0|12675|-4976;-262;-316|0;0;0|35.591763
0|12686|-5008;2075;-2283|0;0;0|32.238823
0|12698|-4976;995;-1736|0;0;0|33.141762
0|12709|-5008;1666;-774|0;0;0|35.418236
0|12721|-4976;2374;-686|0;0;0|36.856468
0|12732|-5008;1289;771|0;0;0|37.832939
0|12768|-5008;-1223;456|0;0;0|37.474117
0|12780|-5008;-1812;795|0;0;0|38.165295
0|12791|-4976;-1911;329|0;0;0|37.621174
0|12802|-5008;-1165;-244|0;0;0|35.715294
0|12814|-5008;-388;-1016|0;0;0|34.815292
0|12826|-4976;295;-1032|0;0;0|35.053528
0|12837|-5008;993;-372|0;0;0|36.338821
0|12848|-4976;1147;194|0;0;0|37.847645
0|12860|-5008;1096;554|0;0;0|38.153526
0|12871|-4976;945;343|0;0;0|37.274117
0|12882|-5008;356;-236|0;0;0|36.744705
0|12894|-5008;-171;-343|0;0;0|36.230000
0|12930|-5008;-1369;73|0;0;0|36.812351
0|12942|-5008;-1258;-494|0;0;0|36.277058
0|12953|-4976;-748;-692|0;0;0|35.515293
0|12965|-5008;-202;-772|0;0;0|35.106468
0|12976|-4976;182;-780|0;0;0|35.050587
0|12987|-5040;496;-782|0;0;0|34.894703
0|12999|-4976;546;-998|0;0;0|34.668236
0|13010|-4976;455;-1052|0;0;0|34.594704
0|13022|-5008;132;-769|0;0;0|35.312351
0|13033|-4976;-117;-414|0;0;0|36.374115
0|13044|-4976;-293;52|0;0;0|37.432941
0|13056|-4976;-314;346|0;0;0|38.065292
0|13067|-4976;-251;385|0;0;0|38.462353
0|13104|-4976;188;454|0;0;0|38.421177
0|13115|-4976;-24;309|0;0;0|37.721176
0|13126|-4976;-229;37|0;0;0|37.091763
0|13137|-4976;-424;-202|0;0;0|36.235882
0|13149|-5008;-589;-487|0;0;0|35.418236
0|13160|-4976;-573;-627|0;0;0|34.768234
0|13172|-4976;-557;-793|0;0;0|34.521175
0|13183|-4976;-362;-861|0;0;0|34.374115
0|13195|-4976;-96;-828|0;0;0|34.597645
0|13206|-5008;205;-751|0;0;0|35.177059
0|13217|-4976;416;-566|0;0;0|35.768234
0|13229|-4976;455;-408|0;0;0|36.418236
0|13240|-5008;395;-243|0;0;0|37.041763
0|13277|-4976;-273;20|0;0;0|37.553528
0|13288|-4976;-452;83|0;0;0|37.409412
0|13299|-4976;-567;155|0;0;0|37.450588
0|13310|-5008;-534;168|0;0;0|36.991764
0|13322|-4976;-545;2|0;0;0|36.632938
0|13333|-4976;-357;-197|0;0;0|35.965294
0|13344|-4976;-133;-439|0;0;0|35.453529
0|13356|-5008;19;-653|0;0;0|35.206470
0|13367|-5008;100;-716|0;0;0|35.182941
0|13378|-4976;150;-677|0;0;0|35.506470
0|13390|-4976;232;-490|0;0;0|35.959412
0|13401|-5008;193;-238|0;0;0|36.788822
0|13413|-5040;79;50|0;0;0|37.538822
0|13449|-4976;-313;361|0;0;0|37.991764
0|13460|-5008;-397;201|0;0;0|37.603527
0|13471|-5008;-461;-125|0;0;0|36.982941
0|13483|-4976;-357;-415|0;0;0|36.153526
0|13494|-4976;-259;-767|0;0;0|35.121174
0|13506|-4976;-206;-1045|0;0;0|34.288822
0|13517|-4976;-91;-1339|0;0;0|33.435883
0|13529|-5008;-338;-1472|0;0;0|32.859409
0|13540|-4976;-557;-1427|0;0;0|32.559410
0|13552|-4976;-1092;-1173|0;0;0|33.197647
0|13564|-4976;-1509;-751|0;0;0|34.388821
0|13575|-5008;-1522;-172|0;0;0|35.888821
0|13611|-5008;808;295|0;0;0|39.132938
0|13622|-4976;1611;266|0;0;0|39.579998
0|13634|-4976;2242;618|0;0;0|40.715294
0|13645|-5008;2311;888|0;0;0|41.700588
0|13657|-5008;1937;1041|0;0;0|41.877056
0|13668|-5008;1357;983|0;0;0|41.227058
0|13679|-4976;572;654|0;0;0|39.965294
0|13691|-5008;-466;537|0;0;0|38.365292
0|13702|-4976;-1503;264|0;0;0|36.635880
0|13714|-5008;-2411;-620|0;0;0|34.288822
0|13725|-4976;-2777;-1557|0;0;0|31.815292
0|13737|-5008;-2691;-2029|0;0;0|29.968235
0|13748|-4976;-2260;-2081|0;0;0|29.141764
0|13785|-5008;-35;-1315|0;0;0|32.012352
0|13796|-5008;653;-874|0;0;0|33.665295
0|13807|-4976;1575;-1044|0;0;0|34.806469
0|13819|-5008;1908;-239|0;0;0|37.371174
0|13830|-5008;1753;734|0;0;0|39.721176
0|13842|-5008;1361;923|0;0;0|41.629997
0|13853|-5008;818;1457|0;0;0|42.750587
0|13864|-4976;252;1918|0;0;0|43.041763
0|13876|-4976;-332;1624|0;0;0|42.806469
0|13887|-5008;-843;1545|0;0;0|41.682941
0|13899|-5008;-1219;1195|0;0;0|39.656471
0|13910|-5008;-1436;248|0;0;0|37.338821
0|13946|-4976;-637;-1901|0;0;0|31.550587
0|13958|-5008;-230;-1992|0;0;0|31.135881
0|13969|-4976;202;-1949|0;0;0|31.412352
0|13981|-5008;622;-1710|0;0;0|32.268234
0|13992|-5008;902;-1218|0;0;0|33.768234
0|14004|-4976;3134;2890|0;0;0|40.774117
0|14015|-5008;4111;-1882|0;0;0|48.068233
0|14027|-4976;3593;6569|0;0;0|47.050587
0|14038|-4976;4443;18920|0;0;0|24.300587
0|14050|-4976;2039;4275|0;0;0|13.124117
0|14061|-4944;5239;-32768|0;0;0|25.232941
0|14073|-5008;-4332;360|0;0;0|132.903534
0|14109|-5008;-15391;708|0;0;0|83.285881
0|14121|-4976;-15684;247|0;0;0|79.656471
0|14132|-5008;-9359;5213|0;0;0|71.474121
0|14144|-4976;-18767;2966|0;0;0|62.974117
0|14155|-5008;-21218;175|0;0;0|53.971176
0|14167|-4976;-19611;-2971|0;0;0|49.853527
0|14179|-5008;-15254;-2585|0;0;0|39.959412
0|14190|-4976;-11226;-2397|0;0;0|33.262352
0|14202|-5008;-5355;-3230|0;0;0|27.609409
0|14214|-5008;-672;-4985|0;0;0|25.144705
0|14225|-4944;4184;-3881|0;0;0|19.588821
0|14237|-5008;7523;-3347|0;0;0|17.709410
0|14274|-4976;12460;-3647|0;0;0|7.024117
0|14285|-4976;13758;-7881|0;0;0|5.065292
0|14297|-4976;11731;-1927|0;0;0|3.447647
0|14308|-4976;10310;2162|0;0;0|12.003529
0|14320|-5008;7573;3804|0;0;0|6.944704
0|14331|-5008;5806;-2321|0;0;0|4.900587
0|14343|-5008;5449;-4640|0;0;0|4.985882
0|14354|-5008;4883;-4303|0;0;0|5.491764
0|14366|-4976;2029;-6601|0;0;0|8.053528
0|14377|-5008;-2853;-4540|0;0;0|14.659410
0|14389|-4976;-7815;2499|0;0;0|19.977058
0|14400|-4976;-8881;5283|0;0;0|26.844704
0|14412|-4976;-8856;3579|0;0;0|24.071175
0|14448|-5008;-5300;-5278|0;0;0|31.521175
0|14460|-4976;922;-1968|0;0;0|44.600586
0|14472|-4976;5225;3297|0;0;0|51.409409
0|14483|-4976;6257;4684|0;0;0|55.553528
0|14494|-5008;5266;5169|0;0;0|55.003529
0|14506|-5008;3810;4026|0;0;0|49.809410
0|14517|-5008;2078;2041|0;0;0|44.821175
0|14529|-5008;715;2610|0;0;0|36.141762
0|14540|-5008;53;134|0;0;0|31.453529
0|14551|-4976;630;325|0;0;0|31.868235
0|14563|-4976;706;2423|0;0;0|34.859409
0|14574|-5008;1557;2356|0;0;0|35.927059
0|14611|-5008;1639;-884|0;0;0|32.059410
0|14622|-4976;913;-2458|0;0;0|29.397646
0|14634|-5008;107;-5354|0;0;0|29.456470
0|14645|-4976;-15;-4379|0;0;0|30.688822
0|14656|-5008;-661;-993|0;0;0|34.650585
0|14668|-5008;-172;379|0;0;0|39.353527
0|14679|-5008;321;3523|0;0;0|41.353527
0|14691|-4976;1088;5297|0;0;0|39.324116
0|14702|-4976;2536;2942|0;0;0|36.985882
0|14714|-4976;3342;1785|0;0;0|33.627056
0|14725|-5008;4799;-234|0;0;0|32.329998
0|14737|-4976;5346;179|0;0;0|30.594704
0|14748|-4976;5712;-492|0;0;0|31.488823
0|14784|-4976;4922;-427|0;0;0|33.971176
0|14796|-4976;4748;-2117|0;0;0|37.338821
0|14807|-5008;5362;-1506|0;0;0|40.544704
0|14819|-4976;6275;-197|0;0;0|42.747646
0|14831|-5008;7794;2627|0;0;0|42.847645
0|14842|-4976;9573;2727|0;0;0|43.400589
0|14854|-5008;10718;613|0;0;0|44.618233
0|14865|-4976;11812;1448|0;0;0|43.162354
0|14877|-5008;13617;5073|0;0;0|39.868233
0|14888|-5008;13997;6613|0;0;0|35.230000
0|14900|-5008;13832;4407|0;0;0|33.627056
0|14911|-4976;13267;5266|0;0;0|28.532940
0|14947|-4976;6048;1600|0;0;0|31.138823
0|14959|-4976;3947;-712|0;0;0|34.674118
0|14970|-4976;2377;164|0;0;0|35.862350
0|14982|-5008;1271;732|0;0;0|33.930000
0|14993|-5008;1453;-809|0;0;0|32.085880
0|15004|-5008;2390;-733|0;0;0|32.006470
0|15016|-5008;3788;-252|0;0;0|33.027058
0|15027|-4976;6326;-999|0;0;0|31.912352
0|15039|-5008;9189;-1305|0;0;0|31.362352
0|15050|-4976;10966;-1365|0;0;0|31.444704
0|15062|-5008;11402;-301|0;0;0|32.738823
0|15074|-4976;10394;777|0;0;0|33.965294
0|15085|-4976;8828;1791|0;0;0|34.335880
0|15121|-4976;8773;-51|0;0;0|29.656469
0|15132|-4976;8970;72|0;0;0|28.644705
0|15144|-4976;9236;399|0;0;0|28.609411
0|15155|-4976;9957;863|0;0;0|27.718235
0|15166|-5008;11031;906|0;0;0|26.765293
0|15178|-5008;11718;808|0;0;0|25.774117
0|15189|-5008;11220;747|0;0;0|25.212353
0|15201|-4976;9949;653|0;0;0|26.032940
0|15212|-5008;9572;1377|0;0;0|27.347645
0|15224|-5008;9856;1267|0;0;0|29.827057
0|15235|-4976;10348;467|0;0;0|30.932940
0|15246|-5008;10265;332|0;0;0|31.047646
0|15282|-5008;9077;1039|0;0;0|32.777058
0|15294|-4976;9319;2085|0;0;0|33.585880
0|15305|-5008;9982;1814|0;0;0|33.385880
0|15317|-4976;11443;-63|0;0;0|32.079998
0|15328|-4976;11582;-1930|0;0;0|28.909410
0|15340|-4976;10637;-2101|0;0;0|25.359409
0|15352|-5008;8861;-1458|0;0;0|25.347645
0|15363|-5008;7109;-1473|0;0;0|26.397646
0|15375|-4976;6255;368|0;0;0|29.997646
0|15386|-5040;6633;1212|0;0;0|31.991764
0|15398|-4976;7269;551|0;0;0|33.156471
0|15409|-5008;7470;-105|0;0;0|33.629997
0|15420|-5008;7196;-120|0;0;0|33.574116
0|15456|-4976;6167;-2994|0;0;0|28.518234
0|15468|-4976;6080;-1635|0;0;0|28.068233
0|15480|-5008;6244;-1100|0;0;0|29.397646
0|15491|-4976;6755;-2958|0;0;0|29.635881
0|15503|-4976;6947;-2573|0;0;0|30.788822
0|15514|-5008;7211;-3247|0;0;0|32.688824
0|15526|-4976;7232;-3509|0;0;0|33.574116
0|15537|-5008;6878;-3306|0;0;0|33.956470
0|15549|-5008;6070;-3357|0;0;0|35.188824
0|15560|-5008;5541;-3144|0;0;0|34.285881
0|15572|-5008;4540;-3198|0;0;0|33.327057
0|15584|-4944;4383;-3772|0;0;0|33.212353
0|15620|-5008;9658;-11348|0;0;0|23.953529
0|15632|-5008;10226;-13100|0;0;0|20.609409
0|15644|-4976;8766;-14921|0;0;0|24.000587
0|15655|-5008;6690;-11774|0;0;0|28.541763
0|15667|-5008;5384;-12103|0;0;0|31.915293
0|15679|-4976;4393;-16512|0;0;0|31.356468
0|15690|-5008;4320;-17829|0;0;0|25.677057
0|15702|-4976;4484;-18233|0;0;0|22.635881
0|15714|-5008;5207;-23700|0;0;0|23.494705
0|15725|-5008;5470;-26595|0;0;0|22.400587
0|15737|-4976;4117;-31305|0;0;0|21.862350
0|15748|-4976;1115;-32768|0;0;0|22.362350
0|15785|-5008;-1196;-26683|0;0;0|30.162352
0|15797|-5008;-65;-28301|0;0;0|35.203529
0|15808|-5008;240;-30809|0;0;0|37.079998
0|15820|-5008;84;-31696|0;0;0|32.809410
0|15831|-5008;-1577;-28404|0;0;0|35.356468
0|15843|-4976;-2238;-28650|0;0;0|35.194706
0|15855|-4976;-2892;-25538|0;0;0|40.071175
0|15867|-5008;-2254;-23516|0;0;0|39.138821
0|15878|-5008;-1684;-21458|0;0;0|43.691765
0|15890|-5008;-1290;-26902|0;0;0|41.153526
0|15902|-5008;-1284;-19693|0;0;0|41.012352
0|15914|-5008;-1718;-23848|0;0;0|47.303528
0|15950|-4976;624;-32768|0;0;0|39.230000
0|15962|-4976;1081;-32768|0;0;0|42.353527
0|15974|-4976;1046;-32768|0;0;0|44.706470
0|15985|-5008;833;-32768|0;0;0|45.271175
0|15997|-4976;321;-31951|0;0;0|46.109409
0|16008|-4976;20;-31276|0;0;0|47.838821
0|16020|-5008;158;-27164|0;0;0|46.265293
0|16031|-5008;1116;-22469|0;0;0|42.209412
0|16043|-4976;1775;-24750|0;0;0|48.347645
0|16055|-4976;1564;-26332|0;0;0|50.288822
0|16066|-5008;1512;-23059|0;0;0|47.715294
0|16078|-5008;1650;-24818|0;0;0|51.041763
0|16115|-4976;1535;-26456|0;0;0|43.227058
0|16126|-4976;1846;-29171|0;0;0|43.741764
0|16138|-5008;1271;-32709|0;0;0|45.877060
0|16150|-4976;1722;-31215|0;0;0|44.518234
0|16161|-5008;2241;-30618|0;0;0|45.197647
0|16173|-4976;2381;-31510|0;0;0|46.418236
0|16185|-5008;1966;-30521|0;0;0|46.730000
0|16196|-5008;1571;-28180|0;0;0|45.482941
0|16208|-5008;788;-29245|0;0;0|47.379997
0|16220|-5008;973;-29888|0;0;0|49.315292
0|16231|-4976;1016;-30221|0;0;0|49.177055
0|16243|-5008;1227;-28471|0;0;0|46.444706
0|16279|-4976;1840;-27516|0;0;0|46.888824
0|16291|-5008;1906;-22394|0;0;0|42.297646
0|16302|-5008;1550;-22257|0;0;0|45.218235
0|16314|-4976;1386;-23034|0;0;0|46.535881
0|16325|-4976;1161;-24979|0;0;0|46.935883
0|16337|-5008;1986;-25427|0;0;0|47.035881
0|16349|-5008;3102;-21124|0;0;0|40.324116
0|16360|-4976;2106;-22961|0;0;0|45.680000
0|16372|-5008;2059;-23656|0;0;0|45.562351
0|16384|-5008;1354;-22454|0;0;0|43.832939
0|16395|-5008;896;-23209|0;0;0|44.565292
0|16407|-5008;1317;-22824|0;0;0|44.053528
0|16443|-5008;1561;-22814|0;0;0|46.277058
0|16455|-5008;1999;-22748|0;0;0|45.794704
0|16466|-4976;1956;-21393|0;0;0|43.147644
0|16478|-5008;1653;-19067|0;0;0|41.359409
0|16490|-5008;1290;-19636|0;0;0|42.959412
0|16501|-4976;1407;-22314|0;0;0|45.829998
0|16513|-5008;2022;-21697|0;0;0|43.982941
0|16525|-5008;2384;-21274|0;0;0|43.300587
0|16536|-4976;1653;-21556|0;0;0|44.697647
0|16548|-5008;1691;-21025|0;0;0|43.515293
0|16560|-5008;2250;-19693|0;0;0|42.553528
0|16596|-4976;3254;-21779|0;0;0|43.891762
0|16607|-4976;3118;-19476|0;0;0|41.900589
0|16619|-5008;2577;-19140|0;0;0|41.885880
0|16631|-5008;2865;-27403|0;0;0|49.241764
0|16642|-4944;3198;-28901|0;0;0|45.756470
0|16654|-4976;3574;-26485|0;0;0|42.009411
0|16666|-5008;3476;-27260|0;0;0|43.529999
0|16677|-4976;3933;-30861|0;0;0|45.518234
0|16689|-4976;4348;-32768|0;0;0|50.862350
0|16701|-4976;5619;-32768|0;0;0|49.103527
0|16712|-4976;5606;-32768|0;0;0|44.924118
0|16724|-4976;5031;-32768|0;0;0|41.203529
0|16760|-4976;4893;-32768|0;0;0|35.727058
0|16772|-5008;5299;-32768|0;0;0|35.715294
0|16783|-5040;5374;-32768|0;0;0|37.791763
0|16795|-4976;5146;-32768|0;0;0|39.012352
0|16807|-5008;4491;-32168|0;0;0|35.274117
0|16818|-4976;3706;-28784|0;0;0|30.918234
0|16830|-5008;3216;-29510|0;0;0|28.956470
0|16841|-4976;2905;-29165|0;0;0|27.544704
0|16853|-4976;2841;-32320|0;0;0|31.212353
0|16865|-4976;2830;-29718|0;0;0|31.882940
0|16876|-4976;2851;-27345|0;0;0|32.003529
0|16888|-5040;2793;-26956|0;0;0|32.956470
0|16925|-5008;1638;-28222|0;0;0|27.862350
0|16936|-5008;1200;-26122|0;0;0|26.621174
0|16948|-4976;1231;-26449|0;0;0|27.915293
0|16960|-5008;1452;-24596|0;0;0|27.647646
0|16971|-4976;1210;-20749|0;0;0|26.812351
0|16983|-4976;444;-13414|0;0;0|25.635881
0|16995|-5040;-1571;-5582|0;0;0|26.029999
0|17006|-5008;-3303;-4375|0;0;0|26.524117
0|17018|-5008;-3660;-2541|0;0;0|24.644705
0|17030|-5008;-3692;-1309|0;0;0|20.603527
0|17041|-5008;-3502;-860|0;0;0|19.653528
0|17053|-4976;-4024;1448|0;0;0|21.024117
0|17089|-5008;-1141;-2460|0;0;0|22.165293
0|17101|-4976;-1616;-1820|0;0;0|22.812351
0|17113|-5008;-2440;-559|0;0;0|22.100586
0|17124|-4976;-3438;1138|0;0;0|19.088821
0|17136|-4976;-4623;5479|0;0;0|14.247646
0|17147|-5008;-9239;12102|0;0;0|11.847647
0|17159|-4976;-10477;10597|0;0;0|11.906469
0|17171|-5008;-4917;5235|0;0;0|17.206469
0|17182|-4976;-2023;3373|0;0;0|14.894705
0|17194|-5008;-2410;1630|0;0;0|10.968235
0|17205|-5008;-4164;3687|0;0;0|9.409410
0|17217|-5008;-5075;4645|0;0;0|12.603529
0|17254|-4976;-5762;32767|0;0;0|-2.517059
0|17265|-4976;-14819;32767|0;0;0|-22.667061
0|17277|-4976;-12361;22975|0;0;0|0.482941
0|17289|-5008;-5536;10749|0;0;0|11.921175
0|17300|-4976;903;5092|0;0;0|13.544704
0|17312|-5008;2318;4818|0;0;0|14.644705
0|17323|-5008;178;5113|0;0;0|13.732941
0|17335|-4976;-2445;7967|0;0;0|14.721176
0|17346|-5008;-3931;15252|0;0;0|9.850588
0|17358|-5008;-5561;23557|0;0;0|-2.178825
0|17369|-4976;-7494;25621|0;0;0|-5.131767
0|17381|-5008;-5037;18807|0;0;0|4.453529
0|17418|-4944;107;12740|0;0;0|14.806469
0|17429|-4976;-848;12362|0;0;0|12.129999
0|17441|-4976;-1883;12771|0;0;0|9.847647
0|17452|-5008;-2866;18866|0;0;0|6.800587
0|17464|-5008;-3502;26158|0;0;0|4.621176
0|17475|-4976;-4981;32767|0;0;0|4.291763
0|17487|-5008;-7709;32767|0;0;0|-13.752354
0|17499|-4976;-10085;32767|0;0;0|-17.746471
0|17510|-4976;-8175;32767|0;0;0|-14.661179
0|17522|-4976;-4729;32767|0;0;0|3.800587
0|17534|-4976;-2298;32767|0;0;0|13.379999
0|17545|-4976;-1355;32767|0;0;0|3.132938
0|17581|-4976;-11640;32767|0;0;0|-24.393532
0|17593|-4976;-19679;32767|0;0;0|-37.396469
0|17605|-5008;-25844;32767|0;0;0|-35.349411
0|17617|-4976;-31503;32767|0;0;0|-49.634705
0|17629|-4976;-31989;32767|0;0;0|-40.937645
0|17641|-5008;-24357;32767|0;0;0|-9.452354
0|17652|-4976;-14907;32767|0;0;0|38.230000
0|17664|-4976;-5493;32767|0;0;0|74.385880
0|17676|-5008;-1443;32767|0;0;0|91.938828
0|17687|-4976;-790;32767|0;0;0|75.403526
0|17699|-5040;-3413;32767|0;0;0|30.712353
0|17711|-4976;-5259;32767|0;0;0|11.682940
0|17747|-4976;-474;32767|0;0;0|23.271175
0|17758|-4976;-35;13796|0;0;0|29.591763
0|17770|-4976;-662;6550|0;0;0|27.906469
0|17781|-5008;-906;9480|0;0;0|22.809410
0|17793|-4976;-995;13922|0;0;0|21.277058
0|17804|-4976;-947;20448|0;0;0|23.091763
0|17816|-5008;-402;24781|0;0;0|23.988823
0|17827|-5008;-195;28392|0;0;0|24.274117
0|17839|-4976;742;26577|0;0;0|26.268234
0|17851|-4976;451;19199|0;0;0|32.050587
0|17862|-4976;-591;16316|0;0;0|31.488823
0|17874|-4976;-1920;19808|0;0;0|30.041763
0|17910|-5008;-144;13195|0;0;0|26.853527
0|17921|-4976;80;15554|0;0;0|22.856468
0|17933|-5008;661;21774|0;0;0|25.103527
0|17944|-5008;1040;24259|0;0;0|27.653528
0|17956|-4976;1793;22964|0;0;0|29.179998
0|17967|-5008;112;22332|0;0;0|31.488823
0|17979|-5008;68;21766|0;0;0|30.285881
0|17990|-5008;-546;16367|0;0;0|30.438822
0|18002|-4976;-733;12586|0;0;0|31.300587
0|18013|-5008;737;12181|0;0;0|26.715294
0|18025|-4976;2385;12437|0;0;0|22.591763
0|18036|-4976;4084;15190|0;0;0|19.579998
0|18048|-4976;4675;17898|0;0;0|19.424116
0|18084|-5008;6322;27206|0;0;0|19.332939
0|18095|-4976;6252;26124|0;0;0|19.624117
0|18107|-4976;6113;21765|0;0;0|21.765293
0|18119|-5008;6320;14831|0;0;0|21.579998
0|18130|-5008;6621;13072|0;0;0|18.300587
0|18142|-5008;5918;16057|0;0;0|16.735882
0|18153|-4976;4383;20481|0;0;0|17.400587
0|18165|-5008;2743;24721|0;0;0|19.615294
0|18176|-5008;2537;30801|0;0;0|20.903528
0|18188|-5008;604;32767|0;0;0|18.612352
0|18199|-4976;-7;32767|0;0;0|18.565292
0|18211|-4976;1937;32767|0;0;0|17.579998
0|18247|-5008;9265;23587|0;0;0|20.259411
0|18259|-5008;10790;21948|0;0;0|17.029999
0|18271|-4976;7902;22562|0;0;0|19.674116
0|18282|-5008;5560;25570|0;0;0|22.459412
0|18294|-4976;3875;23492|0;0;0|23.974117
0|18305|-5008;4772;17833|0;0;0|27.732941
0|18317|-4976;8535;9907|0;0;0|29.803528
0|18328|-4976;12765;3693|0;0;0|28.941763
0|18340|-5008;16254;5304|0;0;0|24.574116
0|18351|-4976;17302;4640|0;0;0|23.053528
0|18363|-5008;15321;2999|0;0;0|25.238823
0|18375|-4976;12510;5367|0;0;0|28.003529
0|18411|-4976;11047;2392|0;0;0|32.209412
0|18423|-4976;12975;-2244|0;0;0|32.577057
0|18434|-4944;15347;-6068|0;0;0|32.232941
0|18446|-5008;18434;-8535|0;0;0|27.509411
0|18458|-5008;18312;-8409|0;0;0|27.250587
0|18469|-4976;16868;-4000|0;0;0|27.503529
0|18481|-4976;12939;-984|0;0;0|31.853527
0|18493|-5008;10659;-817|0;0;0|37.238823
0|18504|-5008;10237;-3411|0;0;0|39.462353
0|18516|-4976;12773;-5845|0;0;0|31.468235
0|18527|-5008;13342;-6753|0;0;0|31.838821
0|18539|-5008;12198;-8988|0;0;0|34.009411
0|18576|-4976;16927;-20265|0;0;0|23.897646
0|18588|-4976;16518;-15817|0;0;0|15.053528
0|18599|-4976;13556;-11385|0;0;0|19.203527
0|18611|-4944;11222;-14528|0;0;0|23.224117
0|18623|-4976;11208;-4457|0;0;0|28.230000
0|18634|-4976;12113;-13386|0;0;0|38.003529
0|18646|-4976;15300;-22936|0;0;0|31.429998
0|18658|-4976;18001;-23634|0;0;0|26.706470
0|18670|-5008;18237;-29655|0;0;0|23.097645
0|18681|-4976;18698;-28020|0;0;0|21.706470
0|18693|-4976;17812;-20046|0;0;0|14.524117
0|18705|-5008;14913;-14615|0;0;0|20.735882
0|18742|-5008;9428;-8951|0;0;0|36.288822
0|18753|-5008;8310;-10205|0;0;0|40.244705
0|18765|-4976;7333;-15551|0;0;0|41.362350
0|18776|-5008;7068;-22325|0;0;0|37.032940
0|18788|-5008;8836;-26562|0;0;0|27.638823
0|18800|-5008;10922;-31894|0;0;0|17.985882
0|18812|-5008;12623;-32768|0;0;0|14.053528
0|18823|-5008;14328;-32768|0;0;0|6.482941
0|18835|-4976;14357;-32768|0;0;0|6.115294
0|18847|-5008;12812;-32768|0;0;0|13.091763
0|18858|-4976;9708;-32658|0;0;0|24.553528
0|18870|-4976;7276;-32007|0;0;0|35.644703
0|18906|-4976;6532;-32768|0;0;0|21.682940
0|18918|-4976;5964;-32768|0;0;0|24.515293
0|18929|-4976;6277;-32768|0;0;0|31.897646
0|18941|-4976;5841;-32768|0;0;0|42.165291
0|18953|-5008;4981;-32768|0;0;0|54.197647
0|18964|-5008;4078;-32768|0;0;0|61.706467
0|18976|-4976;2022;-32768|0;0;0|58.132942
0|18988|-4976;927;-32768|0;0;0|56.656471
0|18999|-4976;712;-32768|0;0;0|59.756470
0|19011|-4976;1794;-32768|0;0;0|65.524117
0|19022|-5008;1917;-32768|0;0;0|64.121178
0|19034|-4976;4988;-32768|0;0;0|61.115295
0|19070|-4976;15611;-32768|0;0;0|70.621170
0|19082|-4976;16169;-32768|0;0;0|75.300583
0|19094|-5008;14968;-32768|0;0;0|72.629997
0|19105|-5040;12460;-32768|0;0;0|67.688820
0|19117|-4976;7447;-32768|0;0;0|67.988823
0|19129|-4976;4545;-32768|0;0;0|66.991760
0|19140|-5008;5623;-32768|0;0;0|69.997650
0|19152|-5008;7688;-32768|0;0;0|61.850586
0|19164|-5008;10918;-32768|0;0;0|55.924118
0|19175|-4976;14285;-32768|0;0;0|46.571175
0|19187|-4976;15702;-32768|0;0;0|41.391762
0|19223|-5008;11566;-32768|0;0;0|53.447647
0|19235|-5008;12604;-32768|0;0;0|45.174118
0|19247|-5008;14228;-32768|0;0;0|38.538822
0|19259|-4976;14233;-32768|0;0;0|23.450588
0|19270|-5008;12456;-32768|0;0;0|20.609409
0|19282|-5008;10623;-32768|0;0;0|25.715294
0|19294|-5008;8394;-32768|0;0;0|19.856470
0|19305|-4976;7238;-31020|0;0;0|13.747646
0|19317|-4976;7521;-32768|0;0;0|16.303528
0|19329|-4976;8143;-32768|0;0;0|26.524117
0|19340|-5008;8398;-32768|0;0;0|30.144705
0|19352|-5008;7276;-32768|0;0;0|31.344704
0|19388|-4976;-3314;-18831|0;0;0|6.391764
0|19400|-4976;-3605;-23049|0;0;0|-13.896473
0|19412|-5008;-191;-22788|0;0;0|-11.511177
0|19423|-4976;1926;-16026|0;0;0|-17.431767
0|19435|-4976;2382;-12291|0;0;0|-19.996471
0|19447|-4976;1496;-11655|0;0;0|-16.855297
0|19459|-4976;-245;-2810|0;0;0|-15.425884
0|19470|-4976;-1605;-575|0;0;0|-12.149414
0|19482|-5008;-2295;1868|0;0;0|-8.875885
0|19493|-4976;-5077;10900|0;0;0|-12.443531
0|19505|-4976;-10187;24210|0;0;0|-23.528824
0|19517|-4976;-16990;32767|0;0;0|-51.475883
0|19554|-4976;-8140;32767|0;0;0|-59.846474
0|19566|-4976;-1946;32767|0;0;0|-59.020004
0|19577|-4976;4643;32767|0;0;0|-9.478825
0|19589|-4976;9698;32767|0;0;0|16.815292
0|19601|-4976;11233;32767|0;0;0|8.088821
0|19612|-5008;8431;32767|0;0;0|-8.778824
0|19624|-4976;4025;32767|0;0;0|-19.505295
0|19635|-5008;-271;32767|0;0;0|-33.337646
0|19647|-5008;-3605;32767|0;0;0|-45.614120
0|19659|-5008;-4621;32767|0;0;0|-37.434708
0|19670|-5008;-4920;32767|0;0;0|-8.525883
0|19682|-5008;-5014;32767|0;0;0|38.653526
0|19719|-5008;-7239;32767|0;0;0|86.853531
0|19730|-4976;-7583;32767|0;0;0|64.000587
0|19742|-4976;-7191;32767|0;0;0|57.453529
0|19754|-5008;-6219;32767|0;0;0|57.691765
0|19765|-5008;-3792;32767|0;0;0|69.106468
0|19777|-4976;-1674;32767|0;0;0|69.344704
0|19789|-4976;1921;32767|0;0;0|63.556469
0|19800|-5008;3017;32767|0;0;0|53.953529
0|19812|-4976;2258;32767|0;0;0|41.127056
0|19823|-4976;-424;28294|0;0;0|35.324116
0|19835|-5008;-2493;23540|0;0;0|32.718235
0|19847|-5008;-3286;20244|0;0;0|33.977058
0|19883|-5008;39;13753|0;0;0|44.035881
0|19895|-4976;123;18011|0;0;0|43.982941
0|19906|-4944;-536;23744|0;0;0|39.829998
0|19918|-4976;-329;23195|0;0;0|31.838821
0|19929|-5008;-254;30344|0;0;0|30.618235
0|19941|-4944;408;29824|0;0;0|37.071175
0|19952|-4976;2200;25153|0;0;0|34.203529
0|19964|-4976;1757;13881|0;0;0|46.838821
0|19975|-5008;2007;12189|0;0;0|37.344704
0|19987|-5008;1488;7929|0;0;0|34.206470
0|19998|-5008;460;3807|0;0;0|34.424118
0|20010|-4976;-618;6866|0;0;0|33.606468
0|20046|-4976;-3546;6611|0;0;0|47.256470
0|20058|-5008;-4159;5337|0;0;0|56.641762
0|20069|-4976;-2524;20546|0;0;0|42.609409
0|20081|-5008;163;7242|0;0;0|37.862350
0|20092|-5008;2794;-12554|0;0;0|32.797646
0|20104|-4976;434;-20708|0;0;0|30.447645
0|20116|-5008;-5457;-32768|0;0;0|32.456470
0|20127|-4976;-13621;-32768|0;0;0|60.371178
0|20139|-4976;-22051;-32768|0;0;0|39.618233
0|20151|-4976;-27127;-32768|0;0;0|20.574116
0|20163|-5008;-32768;-31048|0;0;0|3.779999
0|20175|-5008;-32768;-23371|0;0;0|0.715294
0|20211|-4976;-26962;-5751|0;0;0|5.618235
0|20222|-5008;-28871;-7419|0;0;0|12.429998
0|20234|-4976;-25693;-10267|0;0;0|4.956469
0|20246|-5008;-22671;-7545|0;0;0|18.656469
0|20258|-5008;-23432;-7292|0;0;0|19.412352
0|20269|-4976;-19168;-9768|0;0;0|29.294704
0|20281|-5008;-13078;-8644|0;0;0|35.094704
0|20293|-4976;-17295;-4317|0;0;0|46.591763
0|20305|-5008;-13183;1516|0;0;0|56.241764
0|20316|-4976;-7771;4102|0;0;0|61.059410
0|20328|-4976;-5796;1516|0;0;0|69.265289
0|20339|-5008;-2922;-1439|0;0;0|72.335876
0|20376|-5008;6955;6471|0;0;0|91.115295
0|20387|-4976;9283;7816|0;0;0|94.000587
0|20398|-4976;7354;3049|0;0;0|88.112350
0|20410|-4976;9875;-4116|0;0;0|87.297646
0|20422|-5008;11652;-2965|0;0;0|90.671173
0|20433|-4976;10662;1063|0;0;0|83.229996
0|20445|-4976;10587;-371|0;0;0|84.512352
0|20456|-5008;10193;-3908|0;0;0|80.109406
0|20468|-4976;9829;-4703|0;0;0|78.432938
0|20480|-4976;8805;-3970|0;0;0|73.082939
0|20491|-4976;8028;-5013|0;0;0|67.971176
0|20503|-4976;8060;-474|0;0;0|76.377060
0|20539|-4944;3861;-2733|0;0;0|46.232941
0|20550|-5008;2289;-1884|0;0;0|39.109409
0|20562|-4976;428;-370|0;0;0|31.774117
0|20573|-4976;-1790;-2821|0;0;0|24.629999
0|20585|-4976;-3668;-6096|0;0;0|19.144705
0|20596|-5008;-4991;-5968|0;0;0|14.574116
0|20608|-5008;-6242;-4461|0;0;0|10.888823
0|20620|-4976;-6841;-3951|0;0;0|8.544704
0|20631|-4976;-7284;-4064|0;0;0|10.532940
0|20643|-5008;-5975;-2265|0;0;0|7.647646
0|20654|-5008;-7167;-2938|0;0;0|9.529999
0|20666|-5008;-6830;-3374|0;0;0|10.518234
0|20702|-4976;-5729;-1975|0;0;0|16.659410
0|20714|-5008;-4691;-1798|0;0;0|20.124117
0|20725|-5008;-3552;-304|0;0;0|22.480000
0|20737|-4976;-2800;-363|0;0;0|25.577057
0|20749|-5008;-1811;-1022|0;0;0|27.991764
0|20760|-4976;-612;-1044|0;0;0|31.015293
0|20772|-4976;454;-349|0;0;0|34.115292
0|20783|-5008;1522;232|0;0;0|37.327057
0|20794|-5008;2281;705|0;0;0|40.430000
0|20806|-5008;2766;1532|0;0;0|43.071175
0|20817|-5008;2875;1940|0;0;0|45.109409
0|20829|-4976;2784;1955|0;0;0|46.665291
0|20865|-5008;1780;1670|0;0;0|49.135880
0|20877|-5008;1021;2961|0;0;0|48.635880
0|20888|-5008;641;2179|0;0;0|48.121174
0|20900|-5008;486;1321|0;0;0|47.938824
0|20911|-5008;87;1518|0;0;0|47.091763
0|20922|-5008;-180;1500|0;0;0|45.727058
0|20934|-5008;-420;866|0;0;0|44.212353
0|20945|-5008;-624;215|0;0;0|42.259411
0|20956|-5008;-744;-52|0;0;0|40.050587
0|20968|-4976;-811;-292|0;0;0|37.994705
0|20979|-5008;-802;-740|0;0;0|35.612350
0|20991|-4976;-756;-1157|0;0;0|33.732941
0|21002|-5008;-588;-1549|0;0;0|31.662352
0|21039|-4976;-262;-2120|0;0;0|29.012352
0|21051|-4944;-213;-2098|0;0;0|28.856468
0|21062|-4944;-185;-1727|0;0;0|29.350586
0|21074|-4976;-210;-1393|0;0;0|30.209412
0|21085|-5008;-216;-1114|0;0;0|31.327057
0|21097|-4976;-273;-799|0;0;0|32.921177
0|21108|-5008;-285;-385|0;0;0|34.609409
0|21120|-5008;-316;66|0;0;0|36.285881
0|21131|-5008;-351;351|0;0;0|38.097645
0|21142|-5008;-286;706|0;0;0|39.762352
0|21154|-5008;-257;1057|0;0;0|41.053528
0|21165|-5008;-167;1242|0;0;0|42.071175
0|21202|-4976;88;1147|0;0;0|42.335880
0|21213|-4976;174;793|0;0;0|41.703529
0|21224|-5008;172;645|0;0;0|40.779999
0|21235|-4976;177;411|0;0;0|39.562351
0|21247|-5008;145;-24|0;0;0|38.241764
0|21258|-4976;90;-381|0;0;0|36.829998
0|21269|-4976;-1;-612|0;0;0|35.459412
0|21281|-5008;-148;-950|0;0;0|34.203529
0|21292|-4976;-262;-1249|0;0;0|33.127056
0|21304|-5008;-392;-1360|0;0;0|32.268234
0|21315|-4976;-478;-1406|0;0;0|31.732941
0|21327|-5008;-571;-1430|0;0;0|31.674116
0|21338|-4976;-609;-1304|0;0;0|32.015293
0|21375|-4976;-457;-464|0;0;0|34.894703
0|21386|-5008;-363;-125|0;0;0|36.218235
0|21398|-5008;-252;144|0;0;0|37.485882
0|21409|-4976;-151;423|0;0;0|38.724117
0|21421|-5008;-24;625|0;0;0|39.665295
0|21432|-5008;56;776|0;0;0|40.227058
0|21443|-4976;129;779|0;0;0|40.727058
0|21454|-5008;173;771|0;0;0|40.727058
