0|43470|-7176;1852;-16004|-250;-301;350|17.282940
1|43522|-7068;2028;-15776|-271;-244;298|17.282940
2|43524|-7048;1948;-15808|-278;-250;301|17.282940
3|43525|-6992;2000;-15796|-261;-271;300|17.188822
4|43526|-7080;2020;-15804|-246;-258;315|17.282940
5|43527|-7040;1996;-15720|-252;-243;324|17.282940
6|43529|-6972;2048;-15680|-252;-236;327|17.282940
7|43530|-7048;1908;-15760|-231;-234;291|17.282940
8|43531|-7080;2000;-15784|-229;-212;283|17.188822
9|43532|-7124;2004;-15788|-204;-196;301|17.188822
10|43534|-6968;2036;-15856|-207;-203;312|17.188822
11|43563|-7100;1904;-15908|-79;-235;289|17.282940
12|43564|-6988;1936;-15852|-79;-224;309|17.188822
13|43566|-6960;1984;-15880|-70;-246;306|17.188822
14|43567|-7132;1960;-15812|-77;-252;284|17.282940
15|43568|-7060;1852;-15848|-92;-230;259|17.282940
16|43569|-7068;1876;-15816|-106;-235;270|17.282940
17|43570|-7036;1812;-15808|-85;-257;283|17.282940
18|43572|-7004;1828;-15768|-70;-267;280|17.282940
19|43573|-7032;1852;-15656|-74;-271;262|17.282940
20|43574|-7112;1840;-15692|-78;-266;245|17.282940
21|43601|-6916;1920;-15472|-108;-197;189|17.188822
22|43602|-6928;1848;-15628|-101;-212;234|17.188822
23|43604|-6880;1908;-15660|-113;-205;213|17.282940
24|43605|-6916;1816;-15512|-122;-186;194|17.282940
25|43606|-6864;1904;-15580|-103;-184;223|17.282940
26|43607|-6916;1900;-15676|-115;-185;227|17.188822
27|43609|-6900;1856;-15628|-131;-148;240|17.188822
28|43610|-6924;1956;-15696|-155;-130;230|17.188822
29|43611|-6832;1924;-15592|-147;-155;206|17.094706
30|43612|-6872;1804;-15548|-144;-173;219|17.282940
31|43641|-7056;1904;-15748|-210;-146;363|17.282940
32|43642|-6968;1992;-15672|-202;-148;352|17.282940
33|43643|-6980;1948;-15692|-191;-108;380|17.188822
34|43644|-6944;1880;-15700|-195;-113;386|17.282940
35|43645|-6984;1844;-15600|-208;-124;356|17.188822
36|43647|-7008;1880;-15652|-238;-142;360|17.282940
37|43648|-6932;1912;-15716|-245;-124;379|17.282940
38|43649|-6948;1936;-15564|-249;-154;355|17.188822
39|43650|-6948;1844;-15612|-219;-157;354|17.282940
40|43652|-7060;1852;-15724|-237;-125;379|17.282940
41|43679|-7108;2028;-15672|-324;-257;333|17.282940
42|43680|-7196;1888;-15768|-322;-263;338|17.094706
43|43681|-7196;1876;-15636|-342;-266;335|17.188822
44|43682|-7128;1900;-15780|-336;-253;322|17.282940
45|43684|-7100;1908;-15744|-323;-287;266|17.282940
46|43685|-7108;1832;-15748|-328;-295;293|17.188822
47|43686|-7112;1776;-15716|-340;-308;312|17.282940
48|43687|-7112;1884;-15804|-347;-289;308|17.188822
49|43689|-7144;1924;-15792|-332;-285;266|17.282940
50|43690|-7104;1880;-15820|-336;-307;272|17.188822
51|43719|-6960;1916;-15788|-261;-264;280|17.188822
52|43720|-6964;2008;-15760|-248;-242;275|17.188822
53|43721|-6976;1912;-15668|-268;-239;259|17.188822
54|43722|-7008;1908;-15712|-247;-245;249|17.282940
55|43724|-7032;1896;-15748|-220;-247;265|17.282940
56|43725|-7000;1880;-15796|-229;-249;265|17.282940
57|43726|-6960;1868;-15692|-215;-206;274|17.282940
58|43727|-6928;1860;-15720|-197;-194;243|17.188822
59|43729|-6892;1848;-15892|-204;-203;269|17.282940
60|43730|-6920;1756;-15836|-197;-183;283|17.282940
61|43757|-6776;1692;-15868|-14;-235;293|17.377058
62|43758|-6736;1740;-15928|-22;-237;288|17.188822
63|43759|-6704;1788;-15920|-12;-264;301|17.282940
64|43761|-6696;1764;-15864|-7;-259;325|17.188822
65|43762|-6732;1736;-15864|3;-248;315|17.282940
66|43763|-6652;1652;-15816|2;-256;340|17.282940
67|43764|-6636;1704;-15784|3;-272;371|17.282940
68|43765|-6624;1744;-15676|8;-289;347|17.188822
69|43767|-6584;1732;-15672|16;-288;380|17.282940
70|43768|-6572;1740;-15824|20;-282;392|17.282940
71|43769|-6604;1740;-15716|4;-271;408|17.282940
72|43797|-6120;1704;-15604|-171;104;731|17.188822
73|43799|-6152;1696;-15608|-163;123;697|17.188822
74|43800|-6132;1688;-15732|-177;149;733|17.282940
75|43801|-6068;1536;-15764|-183;159;720|17.282940
76|43802|-6096;1540;-15708|-168;195;720|17.282940
77|43804|-6108;1528;-15784|-198;233;766|17.188822
78|43805|-6068;1500;-15744|-206;260;759|17.282940
79|43806|-6016;1508;-15768|-214;261;789|17.188822
80|43807|-6068;1428;-15764|-211;294;798|17.282940
81|43809|-6116;1504;-15816|-216;313;841|17.188822
82|43836|-6148;1116;-16324|-216;342;1270|17.188822
83|43837|-6140;1104;-16260|-203;333;1274|17.282940
84|43838|-6116;1100;-16248|-214;319;1281|17.282940
85|43839|-6112;1128;-16408|-224;302;1301|17.188822
86|43841|-6100;1048;-16416|-198;304;1334|17.282940
87|43842|-6168;1132;-16496|-189;294;1359|17.188822
88|43843|-6124;980;-16440|-189;271;1386|17.282940
89|43844|-6016;940;-16312|-190;270;1402|17.188822
90|43845|-6116;1116;-16536|-189;221;1431|17.188822
91|43847|-6120;1056;-16456|-171;198;1476|17.188822
92|43875|-6296;992;-16524|160;-588;1833|17.188822
93|43876|-6264;1116;-16476|169;-609;1868|17.282940
94|43877|-6224;1104;-16496|180;-682;1870|17.282940
95|43879|-6228;1188;-16392|220;-698;1893|17.188822
96|43880|-6208;1180;-16404|243;-739;1910|17.188822
97|43881|-6180;1156;-16416|262;-790;1913|17.188822
98|43882|-6204;1228;-16440|291;-836;1904|17.282940
99|43884|-6164;1220;-16332|309;-860;1909|17.188822
100|43885|-6188;1160;-16480|324;-893;1910|17.282940
101|43886|-6108;1236;-16464|320;-935;1920|17.188822
102|43913|-5688;1316;-15332|592;-1516;1863|17.188822
103|43914|-5676;1376;-15256|635;-1548;1838|17.282940
104|43916|-5720;1388;-15164|642;-1559;1833|17.188822
105|43917|-5656;1288;-15128|673;-1560;1808|17.282940
106|43918|-5480;1292;-15156|685;-1563;1786|17.188822
107|43919|-5528;1180;-15092|697;-1580;1786|17.282940
108|43921|-5564;1212;-15096|700;-1577;1795|17.282940
109|43922|-5424;1224;-15064|718;-1575;1756|17.282940
110|43923|-5372;1188;-14996|727;-1591;1757|17.188822
111|43924|-5300;1168;-15088|762;-1582;1747|17.282940
112|43953|-4400;1544;-14876|1213;-593;1474|17.188822
113|43954|-4484;1512;-14832|1204;-442;1471|17.188822
114|43956|-4520;1600;-14856|1225;-387;1447|17.282940
115|43957|-4464;1508;-14932|1249;-325;1475|17.282940
116|43958|-4460;1440;-15036|1250;-273;1489|17.188822
117|43959|-4424;1504;-14984|1288;-144;1487|17.094706
118|43961|-4432;1568;-14948|1306;-43;1479|17.188822
119|43962|-4408;1596;-15080|1316;36;1490|17.188822
120|43963|-4428;1580;-15076|1321;77;1469|17.188822
121|43990|-4792;1720;-15532|1676;1444;1845|17.188822
122|43991|-4740;1768;-15320|1722;1508;1962|17.282940
123|43992|-4704;1760;-15448|1713;1510;1956|17.282940
124|43994|-4632;1724;-15512|1723;1506;1985|17.188822
125|43995|-4628;1792;-15468|1749;1513;2057|17.282940
126|43996|-4700;1820;-15344|1752;1498;2173|17.188822
127|43997|-4672;1832;-15368|1742;1485;2198|17.188822
128|43999|-4712;1776;-15588|1735;1482;2245|17.282940
129|44000|-4732;1792;-15480|1727;1459;2286|17.282940
130|44001|-4708;1772;-15552|1746;1402;2387|17.282940
131|44029|-5376;1568;-15452|1318;183;3811|17.282940
132|44031|-5432;1636;-15440|1301;172;3853|17.282940
133|44032|-5548;1664;-15376|1291;179;3905|17.282940
134|44033|-5512;1688;-15480|1229;154;3938|17.282940
135|44034|-5628;1688;-15436|1176;133;3954|17.282940
136|44036|-5564;1648;-15372|1154;107;3978|17.282940
137|44037|-5740;1616;-15356|1148;98;3994|17.282940
138|44038|-5812;1612;-15464|1090;120;4001|17.188822
139|44039|-5872;1632;-15480|1089;134;4006|17.188822
140|44041|-5944;1684;-15544|1042;129;4005|17.188822
141|44068|-7548;2412;-16236|724;597;2601|17.188822
142|44069|-7576;2380;-16192|715;580;2483|17.188822
143|44070|-7628;2512;-16252|739;503;2280|17.282940
144|44071|-7732;2396;-16252|746;478;2211|17.282940
145|44072|-7620;2316;-16224|761;477;2116|17.188822
146|44074|-7724;2396;-16244|769;481;2024|17.188822
147|44075|-7828;2520;-16372|752;451;1922|17.188822
148|44076|-7720;2528;-16272|734;393;1775|17.282940
149|44077|-7852;2508;-16420|747;374;1708|17.188822
150|44079|-7916;2588;-16332|769;340;1595|17.282940
151|44107|-8528;2564;-16268|814;-902;-1305|17.188822
152|44108|-8340;2608;-16268|821;-945;-1429|17.282940
153|44109|-8444;2664;-16240|817;-975;-1489|17.188822
154|44111|-8440;2572;-16312|806;-997;-1572|17.282940
155|44112|-8416;2556;-16236|791;-1015;-1642|17.188822
156|44113|-8364;2576;-16436|793;-1071;-1773|17.282940
157|44114|-8204;2592;-16364|801;-1102;-1831|17.188822
158|44116|-8236;2456;-16264|788;-1124;-1889|17.188822
159|44117|-8208;2452;-16256|794;-1130;-1946|17.094706
160|44118|-8072;2532;-16276|793;-1129;-2070|17.188822
161|44145|-6976;2260;-16076|799;-1274;-2284|17.188822
162|44146|-6952;2272;-16012|809;-1259;-2235|17.188822
163|44148|-6884;2172;-16088|837;-1235;-2226|17.282940
164|44149|-6836;2188;-16156|854;-1186;-2214|17.282940
165|44150|-6820;2244;-16076|892;-1146;-2125|17.282940
166|44151|-6744;2216;-16124|867;-1122;-2105|17.188822
167|44152|-6792;2180;-16116|832;-1090;-2072|17.282940
168|44154|-6724;2224;-16124|859;-1066;-2031|17.188822
169|44155|-6708;2216;-16076|886;-969;-1921|17.188822
170|44184|-6748;2020;-16092|939;582;-100|17.377058
171|44185|-6820;2064;-16136|964;617;35|17.282940
172|44186|-6736;2060;-16232|954;676;126|17.282940
173|44188|-6848;1992;-16176|922;726;217|17.282940
174|44189|-6856;1988;-16136|917;769;304|17.282940
175|44190|-6936;2100;-16216|923;849;453|17.282940
176|44191|-6892;2116;-16152|919;886;532|17.188822
177|44192|-6968;2104;-16200|922;937;612|17.282940
178|44194|-7036;2092;-16184|911;980;696|17.282940
179|44195|-6980;2116;-16044|886;1041;878|17.188822
180|44222|-7456;2336;-15968|666;1322;2724|17.282940
181|44223|-7492;2456;-15960|664;1312;2778|17.188822
182|44224|-7376;2428;-15984|626;1272;2823|17.282940
183|44226|-7396;2344;-16000|636;1249;2864|17.282940
184|44227|-7488;2408;-15900|613;1226;2964|17.188822
185|44228|-7416;2436;-16056|595;1177;2992|17.282940
186|44229|-7404;2388;-16120|579;1165;3029|17.282940
187|44231|-7424;2420;-16052|557;1156;3027|17.282940
188|44232|-7500;2356;-16096|558;1106;3096|17.188822
189|44233|-7548;2392;-16088|528;1070;3131|17.282940
190|44262|-7868;2320;-15936|73;134;3253|17.282940
191|44263|-7968;2304;-15936|37;110;3238|17.282940
192|44264|-7912;2252;-15888|21;89;3226|17.282940
193|44266|-7896;2256;-16060|15;64;3230|17.188822
194|44267|-7948;2336;-15992|-32;22;3212|17.282940
195|44268|-7980;2324;-16084|-34;17;3154|17.282940
196|44269|-8028;2264;-16084|-33;1;3135|17.282940
197|44271|-7980;2276;-16056|-65;1;3142|17.282940
198|44272|-8152;2352;-16164|-105;-33;3130|17.188822
199|44273|-8024;2348;-16056|-98;-36;3101|17.188822
200|44300|-8616;2384;-16040|-112;168;2369|17.188822
201|44301|-8672;2364;-16020|-80;163;2363|17.282940
202|44303|-8632;2372;-16044|-65;192;2289|17.188822
203|44304|-8672;2328;-15976|-56;215;2185|17.282940
204|44305|-8680;2428;-15964|-34;256;2141|17.188822
205|44306|-8732;2416;-15972|-11;235;2105|17.188822
206|44308|-8716;2428;-16212|-9;209;2087|17.188822
207|44309|-8616;2332;-15912|31;241;1980|17.282940
208|44310|-8708;2348;-15964|44;271;1913|17.282940
209|44311|-8616;2360;-16180|72;271;1877|17.188822
210|44339|-8576;2136;-16140|471;243;371|17.188822
211|44341|-8688;2108;-16076|506;198;237|17.282940
212|44342|-8596;2040;-16156|522;177;190|17.188822
213|44343|-8696;2012;-16148|545;146;142|17.188822
214|44344|-8664;2012;-16180|572;128;78|17.188822
215|44346|-8736;1980;-16260|587;140;-55|17.282940
216|44347|-8580;1884;-16316|610;128;-126|17.282940
217|44348|-8528;1920;-16208|626;107;-189|17.188822
218|44349|-8688;1892;-16292|654;101;-233|17.188822
219|44351|-8536;1876;-16240|701;87;-384|17.282940
220|44352|-8616;1932;-16204|730;78;-448|17.282940
221|44379|-8144;1544;-16172|1315;-238;-1829|17.188822
222|44380|-8216;1616;-16100|1332;-241;-1868|17.188822
223|44381|-8300;1580;-16136|1354;-257;-1907|17.188822
224|44383|-8108;1640;-15996|1395;-289;-1986|17.188822
225|44384|-8092;1576;-16056|1432;-291;-2019|17.377058
226|44385|-8136;1516;-16108|1462;-285;-2038|17.377058
227|44386|-8152;1576;-16052|1459;-288;-2051|17.282940
228|44388|-8124;1512;-16000|1478;-317;-2094|17.094706
229|44389|-8108;1500;-16068|1508;-311;-2130|17.188822
230|44418|-7820;1108;-15604|1750;-442;-2372|17.282940
231|44419|-7816;1120;-15656|1741;-461;-2371|17.282940
232|44420|-7836;1100;-15624|1738;-471;-2371|17.282940
233|44421|-7860;1136;-15544|1727;-496;-2386|17.188822
234|44423|-7896;1064;-15588|1696;-529;-2388|17.282940
235|44424|-7808;1164;-15580|1700;-527;-2370|17.188822
236|44425|-7764;1132;-15652|1702;-539;-2337|17.282940
237|44426|-7788;1032;-15708|1684;-542;-2326|17.188822
238|44428|-7848;1040;-15524|1662;-538;-2307|17.282940
239|44429|-7760;1020;-15584|1644;-549;-2298|17.188822
240|44456|-7532;1024;-15452|1268;-1024;-1956|17.188822
241|44457|-7572;936;-15468|1248;-1059;-1928|17.188822
242|44458|-7516;888;-15576|1240;-1092;-1902|17.282940
243|44459|-7696;880;-15736|1176;-1107;-1896|17.282940
244|44461|-7632;864;-15536|1148;-1131;-1873|17.282940
245|44462|-7580;872;-15484|1137;-1171;-1844|17.282940
246|44463|-7620;876;-15500|1115;-1191;-1817|17.188822
247|44464|-7564;920;-15472|1075;-1200;-1761|17.188822
248|44466|-7672;868;-15464|1035;-1194;-1747|17.188822
249|44494|-7812;872;-15904|319;-1308;-1295|17.282940
250|44496|-7776;872;-15932|312;-1320;-1272|17.282940
251|44497|-7692;876;-15880|290;-1329;-1291|17.188822
252|44498|-7688;852;-15976|251;-1332;-1275|17.188822
253|44499|-7824;764;-15912|209;-1282;-1261|17.282940
254|44501|-7788;844;-16000|186;-1261;-1232|17.282940
255|44502|-7664;808;-15968|166;-1244;-1251|17.188822
256|44503|-7880;808;-16012|138;-1249;-1260|17.282940
257|44504|-7952;736;-15936|97;-1228;-1264|17.188822
258|44506|-7952;728;-16080|81;-1218;-1252|17.188822
259|44533|-8032;520;-16660|2;-998;-1376|17.282940
260|44534|-7916;576;-16596|-6;-1017;-1389|17.188822
261|44535|-7976;508;-16552|14;-1029;-1408|17.188822
262|44536|-8016;480;-16628|71;-1040;-1499|17.282940
263|44538|-8076;392;-16684|70;-1059;-1519|17.282940
264|44539|-7988;344;-16688|78;-1071;-1542|17.282940
265|44540|-7972;416;-16700|84;-1091;-1578|17.188822
266|44541|-7968;376;-16552|105;-1128;-1658|17.282940
267|44543|-8076;324;-16612|125;-1158;-1703|17.282940
268|44544|-7804;324;-16572|159;-1178;-1741|17.282940
269|44572|-7184;-48;-16376|426;-1382;-2779|17.188822
270|44573|-7108;-152;-16232|423;-1331;-2817|17.282940
271|44574|-7040;-176;-16168|419;-1339;-2837|17.188822
272|44576|-6892;-204;-16232|383;-1301;-2846|17.188822
273|44577|-6860;-228;-16232|376;-1311;-2857|17.282940
274|44578|-6948;-136;-16224|366;-1253;-2857|17.282940
275|44579|-6768;-200;-16180|359;-1222;-2847|17.188822
276|44581|-6916;-204;-16336|343;-1227;-2861|17.282940
277|44582|-6776;-132;-16292|299;-1214;-2865|17.282940
278|44609|-6212;-468;-16792|153;-288;-2038|17.282940
279|44610|-6172;-420;-16852|192;-234;-1978|17.188822
280|44611|-6300;-488;-16880|219;-216;-1922|17.188822
281|44613|-6244;-600;-16956|214;-168;-1886|17.188822
282|44614|-6188;-548;-16832|255;-118;-1866|17.188822
283|44615|-6200;-564;-17032|299;-110;-1841|17.282940
284|44616|-6176;-520;-16900|357;-36;-1732|17.377058
285|44618|-6152;-424;-17036|392;7;-1700|17.282940
286|44619|-6272;-480;-17052|418;31;-1659|17.188822
287|44620|-6364;-520;-16980|439;41;-1639|17.282940
288|44648|-6036;-560;-16412|1305;27;-667|17.282940
289|44650|-6184;-500;-16432|1325;28;-602|17.188822
290|44651|-6332;-404;-16344|1326;-10;-606|17.188822
291|44652|-6156;-496;-16504|1342;-16;-612|17.188822
292|44653|-6608;-200;-16332|1325;-123;-571|17.188822
293|44655|-6392;-244;-16232|1320;-182;-594|17.188822
294|44656|-6244;-288;-16284|1345;-214;-582|17.282940
295|44657|-6352;-224;-16228|1348;-236;-569|17.188822
296|44658|-6184;-468;-16100|1336;-279;-497|17.377058
297|44659|-6256;-524;-16100|1352;-291;-469|17.282940
298|44686|-5964;-216;-15428|1556;229;1347|17.188822
299|44688|-6088;-396;-15492|1554;251;1420|17.282940
300|44689|-6368;-160;-15416|1541;236;1483|17.188822
301|44690|-6476;-32;-15268|1537;264;1545|17.282940
302|44691|-6412;164;-15108|1527;262;1573|17.188822
303|44693|-6696;72;-15132|1510;234;1588|17.282940
304|44694|-6860;60;-15272|1514;189;1589|17.282940
305|44695|-6952;300;-15108|1459;165;1584|17.282940
306|44696|-7460;600;-15176|1430;119;1546|17.282940
307|44698|-7328;592;-15012|1399;77;1485|17.188822
308|44726|-6900;252;-14404|760;1010;1230|17.188822
309|44727|-6924;308;-14408|746;1136;1281|17.188822
310|44728|-6948;236;-14388|720;1172;1317|17.188822
311|44730|-7036;384;-14332|692;1215;1371|17.188822
312|44731|-7128;472;-14352|658;1293;1392|17.188822
313|44732|-7084;484;-14468|632;1382;1461|17.188822
314|44733|-7156;516;-14448|623;1454;1489|17.282940
315|44735|-7184;524;-14640|607;1504;1540|17.188822
316|44736|-7108;512;-14512|587;1516;1548|17.188822
317|44737|-7296;500;-14652|590;1577;1586|17.282940
318|44764|-8464;688;-14228|-128;1317;1108|17.188822
319|44765|-8644;768;-14372|-161;1280;1064|17.282940
320|44766|-8572;744;-14292|-209;1228;1019|17.188822
321|44768|-8476;684;-14324|-243;1186;954|17.282940
322|44769|-8248;644;-14424|-299;1165;909|17.282940
323|44770|-8096;648;-14388|-332;1193;916|17.282940
324|44771|-8088;660;-14516|-349;1211;903|17.282940
325|44773|-7976;644;-14516|-344;1232;912|17.188822
326|44774|-7976;596;-14528|-360;1275;995|17.188822
327|44775|-7908;604;-14520|-373;1313;1034|17.188822
328|44803|-8012;992;-14712|-278;1905;1641|17.282940
329|44804|-8056;1056;-14760|-251;1948;1682|17.188822
330|44805|-8048;1060;-14824|-256;1943;1700|17.188822
331|44806|-8060;980;-14836|-261;1932;1691|17.188822
332|44808|-8216;1040;-14936|-279;1949;1684|17.188822
333|44809|-8188;1088;-14776|-314;1947;1685|17.188822
334|44810|-8240;1136;-14584|-337;1947;1690|17.188822
335|44811|-8288;1160;-14596|-345;1929;1657|17.282940
336|44813|-8236;1196;-14588|-371;1920;1645|17.188822
337|44840|-9124;1216;-14680|-1677;-35;-1862|17.282940
338|44841|-9200;1364;-14784|-1775;-125;-2102|17.282940
339|44842|-9128;1268;-14780|-1831;-171;-2194|17.282940
340|44843|-9020;1268;-14792|-1864;-216;-2336|17.282940
341|44845|-8840;1260;-14908|-1909;-243;-2438|17.188822
342|44846|-8772;1224;-14868|-1965;-303;-2614|17.188822
343|44847|-8748;1216;-15004|-1983;-299;-2692|17.188822
344|44848|-8628;1180;-15160|-2023;-316;-2795|17.282940
345|44850|-8256;1060;-14988|-2014;-305;-2887|17.282940
346|44851|-8244;1116;-15116|-2036;-263;-2939|17.282940
347|44880|-7160;940;-15624|-1751;-294;-3396|17.188822
348|44881|-7204;832;-15536|-1706;-273;-3318|17.282940
349|44882|-7080;796;-15656|-1704;-228;-3281|17.282940
350|44883|-7100;796;-15564|-1661;-198;-3263|17.282940
351|44885|-7208;756;-15568|-1617;-180;-3247|17.188822
352|44886|-7036;740;-15612|-1573;-159;-3153|17.282940
353|44887|-6984;668;-15676|-1557;-139;-3102|17.282940
354|44888|-7032;724;-15660|-1510;-120;-3051|17.282940
355|44890|-6952;768;-15552|-1484;-73;-3033|17.282940
356|44917|-6848;648;-15380|-1019;618;-1353|17.282940
357|44918|-6872;696;-15632|-987;611;-1261|17.188822
358|44919|-6876;776;-15576|-967;620;-1171|17.188822
359|44920|-6772;784;-15444|-953;636;-1093|17.282940
360|44921|-6824;724;-15396|-941;647;-1052|17.282940
361|44923|-6856;672;-15436|-956;679;-943|17.188822
362|44924|-6916;692;-15416|-961;667;-886|17.188822
363|44925|-6980;684;-15364|-948;649;-836|17.282940
364|44926|-7008;608;-15296|-938;655;-794|17.188822
365|44928|-7020;788;-15416|-968;590;-737|17.282940
366|44957|-7212;808;-15180|-1722;-551;-1037|17.282940
367|44958|-7208;808;-15172|-1753;-637;-1126|17.188822
368|44959|-7232;752;-15164|-1773;-649;-1151|17.188822
369|44960|-7272;676;-15168|-1794;-692;-1158|17.282940
370|44961|-7212;780;-15064|-1846;-715;-1212|17.188822
371|44963|-7240;672;-15244|-1911;-783;-1295|17.282940
372|44964|-7196;740;-15216|-1932;-817;-1291|17.282940
373|44965|-7212;692;-15344|-1960;-835;-1300|17.188822
374|44966|-7180;792;-15380|-2006;-855;-1322|17.188822
375|44968|-7172;696;-15552|-2086;-924;-1378|17.188822
376|44995|-6612;356;-16292|-2187;-1232;-1331|17.188822
377|44996|-6368;284;-16328|-2157;-1238;-1296|17.282940
378|44997|-6568;396;-16480|-2158;-1269;-1257|17.282940
379|44998|-6268;276;-16376|-2146;-1269;-1216|17.282940
380|45000|-6272;316;-16452|-2123;-1252;-1162|17.188822
381|45001|-6164;288;-16372|-2118;-1246;-1147|17.282940
382|45002|-6308;328;-16468|-2092;-1287;-1109|17.188822
383|45003|-5976;260;-16384|-2093;-1251;-1048|17.282940
384|45005|-6140;384;-16488|-2023;-1231;-964|17.188822
385|45033|-6104;656;-16732|-1277;-811;-227|17.282940
386|45035|-5916;700;-16844|-1252;-731;-198|17.282940
387|45036|-6124;764;-16892|-1241;-701;-198|17.188822
388|45037|-6120;876;-16768|-1211;-678;-182|17.188822
389|45038|-6264;904;-16736|-1180;-673;-172|17.282940
390|45040|-6056;944;-16796|-1160;-632;-122|17.282940
391|45041|-6244;912;-16880|-1161;-620;-131|17.188822
392|45042|-6184;992;-16900|-1132;-617;-128|17.188822
393|45043|-6132;880;-16980|-1129;-610;-122|17.188822
394|45045|-6416;1020;-16832|-1085;-602;-119|17.282940
395|45072|-6300;1108;-16640|-1002;-641;-847|17.188822
396|45073|-6140;1136;-16616|-1020;-634;-863|17.188822
397|45074|-6344;1184;-16740|-1031;-628;-880|17.282940
398|45075|-6412;1120;-16612|-1025;-623;-917|17.282940
399|45077|-6480;1232;-16692|-1022;-605;-977|17.188822
400|45078|-6396;1224;-16624|-1045;-601;-1016|17.282940
401|45079|-6508;1204;-16548|-1052;-613;-1080|17.282940
402|45080|-6440;1188;-16520|-1054;-586;-1146|17.188822
403|45081|-6144;1132;-16480|-1059;-559;-1191|17.188822
404|45110|-5788;1100;-16368|-978;151;-1889|17.094706
405|45112|-5784;1072;-16212|-948;198;-1888|17.188822
406|45113|-5736;1056;-16192|-928;253;-1868|17.188822
407|45114|-5716;1128;-16208|-894;330;-1834|17.188822
408|45115|-5624;1032;-16280|-872;387;-1828|17.282940
409|45117|-5620;1032;-16172|-845;507;-1814|17.282940
410|45118|-5580;992;-16204|-826;569;-1794|17.282940
411|45119|-5564;1164;-16092|-809;623;-1773|17.282940
412|45120|-5632;1096;-16136|-798;691;-1740|17.188822
413|45121|-5600;1152;-16056|-743;801;-1658|17.188822
414|45148|-5728;1020;-15680|-471;1828;-770|17.282940
415|45150|-5748;1024;-15576|-473;1846;-729|17.188822
416|45151|-5716;944;-15772|-483;1876;-712|17.188822
417|45152|-5768;984;-15648|-471;1877;-711|17.282940
418|45153|-5712;976;-15540|-500;1867;-624|17.282940
419|45155|-5756;1076;-15568|-509;1914;-607|17.282940
420|45156|-5864;1076;-15548|-533;1955;-565|17.094706
421|45157|-5796;1028;-15492|-543;1986;-506|17.282940
422|45158|-5808;1064;-15524|-569;1970;-454|17.282940
423|45187|-6372;896;-15440|-1163;1986;248|17.188822
424|45188|-6464;932;-15424|-1202;1999;253|17.188822
425|45190|-6472;916;-15492|-1226;1971;282|17.188822
426|45191|-6516;876;-15508|-1247;1968;281|17.282940
427|45192|-6488;892;-15512|-1236;1985;276|17.188822
428|45193|-6572;816;-15532|-1253;1975;309|17.282940
429|45195|-6624;960;-15564|-1276;1969;351|17.188822
430|45196|-6688;912;-15620|-1291;1982;375|17.282940
431|45197|-6768;892;-15524|-1307;1997;360|17.282940
432|45198|-6752;968;-15568|-1294;2020;366|17.282940
433|45225|-7100;1112;-15584|-1410;1915;277|17.282940
434|45227|-7208;1072;-15744|-1418;1905;258|17.282940
435|45228|-7176;1056;-15680|-1416;1918;268|17.282940
436|45229|-7172;1052;-15776|-1418;1923;284|17.282940
437|45230|-7232;1020;-15644|-1430;1874;221|17.188822
438|45232|-7172;1036;-15636|-1463;1861;186|17.188822
439|45233|-7200;1056;-15708|-1445;1839;213|17.282940
440|45234|-7276;1056;-15580|-1443;1813;214|17.282940
441|45235|-7140;1016;-15732|-1492;1780;163|17.188822
442|45237|-7304;1116;-15684|-1486;1746;160|17.188822
443|45265|-7168;956;-16184|-1740;999;-343|17.188822
444|45267|-7156;984;-16084|-1749;962;-332|17.282940
445|45268|-7220;1020;-16108|-1760;941;-328|17.282940
446|45269|-7124;1032;-16136|-1740;905;-357|17.188822
447|45270|-7088;928;-16224|-1754;847;-401|17.282940
448|45272|-7056;984;-16320|-1765;812;-404|17.188822
449|45273|-7152;1032;-16216|-1746;782;-426|17.094706
450|45274|-7240;1044;-16292|-1730;743;-462|17.188822
451|45275|-7040;972;-16456|-1749;691;-479|17.282940
452|45277|-7024;976;-16480|-1745;652;-491|17.282940
453|45303|-7032;1004;-16600|-1659;-206;-795|17.282940
454|45305|-6976;1016;-16632|-1626;-240;-817|17.282940
455|45306|-6996;1000;-16652|-1614;-273;-837|17.282940
456|45307|-6896;976;-16704|-1610;-325;-853|17.094706
457|45308|-6892;992;-16560|-1602;-319;-868|17.188822
458|45310|-6804;960;-16616|-1589;-323;-866|17.282940
459|45311|-6864;1012;-16652|-1595;-343;-889|17.282940
460|45312|-6804;976;-16664|-1556;-410;-924|17.282940
461|45313|-6848;1072;-16664|-1559;-427;-937|17.188822
462|45342|-6172;984;-16916|-1135;37;-1165|17.282940
463|45343|-6120;1048;-16932|-1125;78;-1157|17.282940
464|45345|-6052;1120;-16904|-1133;110;-1153|17.282940
465|45346|-6060;1000;-17008|-1100;162;-1118|17.188822
466|45347|-6140;1032;-16868|-1055;196;-1137|17.282940
467|45348|-6076;1020;-16904|-1020;215;-1158|17.188822
468|45350|-6108;1028;-16912|-1005;205;-1154|17.188822
469|45351|-6132;1036;-16992|-993;223;-1150|17.188822
470|45352|-6060;860;-16936|-988;309;-1167|17.094706
471|45353|-6048;916;-16892|-949;305;-1191|17.188822
472|45380|-5844;1028;-17160|-407;482;-1323|17.282940
473|45382|-5892;968;-17364|-375;493;-1321|17.188822
474|45383|-5904;1052;-17176|-354;497;-1331|17.188822
475|45384|-5888;972;-17196|-338;496;-1353|17.188822
476|45385|-5960;992;-17252|-308;494;-1356|17.188822
477|45387|-5972;1024;-17196|-286;484;-1381|17.188822
478|45388|-5984;1044;-17288|-265;484;-1394|17.188822
479|45389|-5828;944;-17052|-235;454;-1425|17.188822
480|45390|-5864;964;-17008|-224;472;-1429|17.282940
481|45392|-5788;948;-17080|-224;474;-1429|17.377058
482|45420|-5360;968;-16836|169;605;-1393|17.188822
483|45422|-5332;1028;-16860|169;607;-1388|17.188822
484|45423|-5308;984;-16852|180;609;-1399|17.188822
485|45424|-5352;908;-16772|187;662;-1348|17.188822
486|45425|-5336;988;-16876|192;663;-1312|17.282940
487|45427|-5288;1012;-16736|218;654;-1291|17.188822
488|45428|-5244;944;-16896|220;675;-1298|17.188822
489|45429|-5328;1000;-16728|241;738;-1282|17.282940
490|45430|-5308;960;-16620|220;740;-1256|17.188822
491|45432|-5192;960;-16700|231;750;-1219|17.188822
492|45459|-5292;960;-16560|273;1197;-748|17.188822
493|45460|-5224;1028;-16648|259;1175;-734|17.188822
494|45461|-5292;1032;-16520|261;1209;-696|17.188822
495|45462|-5304;952;-16524|272;1213;-691|17.282940
496|45463|-5296;1004;-16512|256;1226;-643|17.188822
497|45465|-5376;880;-16568|242;1228;-630|17.188822
498|45466|-5424;976;-16440|244;1205;-631|17.188822
499|45467|-5464;996;-16392|242;1198;-637|17.188822
500|45468|-5516;936;-16428|259;1206;-624|17.282940
501|45470|-5420;876;-16456|272;1206;-603|17.188822
502|45498|-5476;748;-16208|275;1129;-300|17.188822
503|45500|-5448;616;-16188|282;1120;-331|17.282940
504|45501|-5352;728;-16208|285;1104;-329|17.188822
505|45502|-5328;652;-16288|299;1116;-307|17.094706
506|45503|-5364;712;-16276|304;1115;-264|17.282940
507|45505|-5364;712;-16220|283;1104;-272|17.188822
508|45506|-5436;712;-16328|283;1101;-260|17.188822
509|45507|-5388;652;-16180|294;1113;-237|17.094706
510|45508|-5344;596;-16116|290;1124;-186|17.188822
511|45510|-5384;664;-16144|273;1107;-153|17.282940
512|45537|-5412;724;-16060|198;1145;296|17.188822
513|45538|-5560;752;-15936|211;1166;348|17.282940
514|45539|-5588;700;-16016|211;1170;356|17.188822
515|45540|-5620;656;-16028|186;1160;366|17.282940
516|45542|-5540;680;-16036|179;1133;393|17.282940
517|45543|-5508;740;-16056|171;1138;419|17.188822
518|45544|-5444;784;-16132|148;1150;440|17.282940
519|45545|-5400;744;-15984|141;1176;454|17.188822
520|45547|-5380;724;-16032|158;1181;448|17.188822
521|45548|-5376;716;-15952|149;1143;498|17.188822
522|45577|-5512;532;-16408|71;1005;823|17.282940
523|45578|-5524;572;-16448|64;973;851|17.188822
524|45579|-5496;572;-16492|86;971;877|17.188822
525|45580|-5436;496;-16488|72;950;883|17.282940
526|45582|-5568;480;-16520|79;956;879|17.282940
527|45583|-5532;536;-16424|136;941;902|17.188822
528|45584|-5480;476;-16528|112;914;911|17.188822
529|45585|-5548;520;-16476|89;928;916|17.188822
530|45587|-5636;544;-16496|113;927;914|17.188822
531|45588|-5716;612;-16396|133;903;930|17.188822
532|45615|-5968;852;-16340|241;544;895|17.188822
533|45616|-5868;768;-16264|239;575;905|17.188822
534|45617|-5916;772;-16284|238;578;921|17.188822
535|45618|-5920;840;-16408|233;561;946|17.188822
536|45620|-5960;868;-16276|224;543;855|17.188822
537|45621|-5868;836;-16272|202;532;895|17.188822
538|45622|-5908;844;-16308|183;530;910|17.282940
539|45623|-5924;840;-16172|191;531;909|17.188822
540|45625|-5956;860;-16348|219;524;855|17.188822
541|45626|-5896;796;-16236|219;518;848|17.188822
542|45627|-5888;864;-16200|180;485;848|17.188822
543|45656|-5848;760;-16360|15;259;648|17.188822
544|45657|-5864;740;-16268|-1;280;640|17.188822
545|45658|-5832;740;-16376|1;289;616|17.282940
546|45660|-5844;756;-16392|0;272;633|17.188822
547|45661|-5852;668;-16412|1;274;617|17.188822
548|45662|-5928;692;-16536|-7;251;613|17.188822
549|45663|-5864;772;-16440|-12;236;605|17.188822
550|45665|-5864;812;-16368|-19;199;608|17.282940
551|45666|-5860;736;-16380|-14;191;601|17.188822
552|45667|-5892;728;-16340|-20;181;584|17.188822
553|45668|-5916;772;-16408|-25;152;610|17.188822
554|45695|-5860;764;-16532|-32;-130;532|17.188822
555|45697|-5964;736;-16460|-19;-120;543|17.282940
556|45698|-5968;688;-16460|-14;-149;532|17.188822
557|45699|-5752;740;-16404|-34;-165;539|17.282940
558|45700|-5820;660;-16596|-20;-165;506|17.188822
559|45701|-5880;704;-16484|-7;-185;527|17.188822
560|45703|-5876;708;-16384|-15;-194;517|17.188822
561|45704|-5864;780;-16444|-21;-175;528|17.282940
562|45705|-5972;804;-16488|-15;-208;525|17.188822
563|45706|-5948;808;-16440|-16;-221;545|17.282940
564|45735|-5828;708;-16204|-23;-110;395|17.188822
565|45736|-5904;728;-16192|-23;-121;382|17.188822
566|45738|-5852;740;-16396|-42;-80;395|17.188822
567|45739|-5932;732;-16352|-47;-84;387|17.188822
568|45740|-5804;852;-16220|-50;-64;371|17.188822
569|45741|-5852;740;-16264|-39;-57;386|17.188822
570|45743|-5864;800;-16256|-40;-36;372|17.188822
571|45744|-5900;736;-16292|-41;-22;345|17.282940
572|45745|-5832;776;-16172|-68;-15;341|17.188822
573|45746|-5964;816;-16180|-60;-13;347|17.188822
574|45773|-5888;856;-16180|-79;344;175|17.188822
575|45775|-5920;732;-16124|-49;344;169|17.282940
576|45776|-5912;664;-16308|-51;319;135|17.282940
577|45777|-5796;732;-16224|-51;312;116|17.188822
578|45778|-5896;724;-16248|-52;315;134|17.188822
579|45780|-5856;684;-16288|-78;318;133|17.188822
580|45781|-5868;572;-16280|-64;294;81|17.188822
581|45782|-5840;672;-16324|-57;281;113|17.188822
582|45783|-5792;684;-16280|-43;290;127|17.282940
583|45785|-5876;608;-16248|-82;264;65|17.188822
584|45786|-5820;644;-16416|-104;254;69|17.282940
585|45815|-5616;408;-16220|-183;-69;166|17.188822
586|45816|-5664;488;-16200|-188;-58;174|17.282940
587|45817|-5612;440;-16312|-195;-80;191|17.282940
588|45818|-5728;644;-16136|-186;-120;200|17.188822
589|45820|-5596;588;-16168|-195;-136;206|17.282940
590|45821|-5632;588;-16220|-211;-103;215|17.282940
591|45822|-5600;552;-16180|-223;-91;227|17.188822
592|45823|-5612;628;-16240|-218;-99;242|17.282940
593|45825|-5508;572;-16208|-261;-119;245|17.282940
594|45826|-5488;648;-16336|-258;-120;241|17.188822
595|45853|-5740;624;-16276|-438;-111;332|17.188822
596|45854|-5740;660;-16360|-421;-98;335|17.282940
597|45855|-5760;676;-16348|-431;-135;341|17.188822
598|45856|-5708;480;-16300|-440;-152;356|17.188822
599|45858|-5736;616;-16280|-450;-161;348|17.188822
600|45859|-5700;652;-16332|-445;-139;334|17.188822
601|45860|-5644;656;-16412|-408;-132;355|17.282940
602|45861|-5688;660;-16388|-443;-135;356|17.188822
603|45863|-5676;624;-16332|-452;-137;360|17.188822
604|45864|-5644;608;-16316|-438;-138;341|17.188822
605|45893|-5736;576;-16788|-290;-356;444|17.188822
606|45894|-5824;528;-16696|-293;-366;445|17.188822
607|45895|-5840;512;-16572|-286;-403;441|17.188822
608|45896|-5740;568;-16572|-259;-411;432|17.188822
609|45898|-5772;580;-16584|-276;-432;453|17.188822
610|45899|-5788;612;-16520|-254;-462;472|17.188822
611|45900|-5780;596;-16480|-244;-469;479|17.282940
612|45901|-5836;576;-16532|-240;-464;454|17.188822
613|45903|-5872;500;-16472|-250;-462;461|17.188822
614|45904|-5864;720;-16512|-236;-454;476|17.282940
615|45931|-5996;780;-16516|-66;-332;387|17.188822
616|45932|-6048;852;-16400|-58;-344;392|17.282940
617|45933|-5912;744;-16416|-66;-326;349|17.188822
618|45935|-6012;708;-16488|-63;-304;366|17.188822
619|45936|-5964;772;-16444|-76;-284;378|17.188822
620|45937|-5964;772;-16536|-56;-274;357|17.188822
621|45938|-6028;772;-16540|-40;-242;314|17.188822
622|45940|-6008;812;-16392|-44;-246;308|17.188822
623|45941|-5972;776;-16332|-53;-251;289|17.188822
624|45942|-5956;704;-16524|-68;-244;282|17.282940
625|45971|-6040;668;-16380|-5;-155;107|17.188822
626|45972|-6088;652;-16344|-29;-164;124|17.282940
627|45973|-6136;796;-16336|-23;-135;71|17.188822
628|45975|-6120;780;-16364|-3;-120;69|17.188822
629|45976|-6140;724;-16380|-2;-124;89|17.188822
630|45977|-6136;816;-16376|-29;-127;72|17.188822
631|45978|-6072;860;-16388|-10;-155;35|17.188822
632|45979|-6176;752;-16292|-46;-138;26|17.188822
633|45981|-6200;716;-16348|-53;-133;25|17.188822
634|45982|-6148;764;-16444|-76;-154;22|17.188822
635|45983|-6176;788;-16296|-50;-175;-16|17.188822
636|46010|-6076;760;-16396|-86;-170;-141|17.094706
637|46011|-5992;696;-16444|-99;-159;-127|17.188822
638|46013|-6012;748;-16472|-94;-196;-128|17.094706
639|46014|-5972;736;-16472|-94;-220;-155|17.188822
640|46015|-6100;880;-16472|-100;-221;-133|17.188822
641|46016|-6084;840;-16396|-123;-194;-115|17.188822
642|46018|-6120;784;-16360|-113;-199;-145|17.188822
643|46019|-6020;840;-16396|-97;-181;-175|17.188822
644|46020|-5972;788;-16496|-105;-183;-185|17.188822
645|46021|-6068;800;-16516|-119;-211;-183|17.188822
646|46051|-6048;728;-16324|-60;-188;-375|17.188822
647|46052|-6020;676;-16484|-63;-207;-353|17.282940
648|46053|-5836;700;-16324|-63;-215;-370|17.188822
649|46054|-5872;708;-16460|-43;-224;-367|17.188822
650|46056|-5920;648;-16464|-33;-224;-380|17.188822
651|46057|-5876;672;-16428|-50;-223;-386|17.282940
652|46058|-5896;764;-16360|-72;-180;-386|17.188822
653|46059|-5824;768;-16348|-60;-189;-436|17.188822
654|46061|-5788;776;-16328|-43;-206;-430|17.282940
655|46062|-5828;764;-16356|-59;-236;-405|17.377058
656|46089|-5540;636;-16380|-81;-288;-291|17.282940
657|46090|-5616;428;-16468|-59;-296;-292|17.188822
658|46091|-5632;424;-16364|-58;-287;-282|17.188822
659|46093|-5552;604;-16328|-65;-276;-261|17.094706
660|46094|-5544;592;-16404|-64;-286;-251|17.282940
661|46095|-5572;560;-16224|-66;-300;-235|17.188822
662|46096|-5696;544;-16340|-79;-299;-233|17.094706
663|46098|-5652;496;-16268|-79;-290;-235|17.188822
664|46099|-5600;616;-16288|-82;-272;-219|17.188822
665|46100|-5644;504;-16268|-67;-292;-209|17.282940
666|46128|-5716;644;-16348|-156;-148;-155|17.282940
667|46129|-5652;708;-16344|-145;-147;-122|17.282940
668|46131|-5680;748;-16256|-137;-131;-104|17.188822
669|46132|-5700;560;-16280|-137;-91;-148|17.188822
670|46133|-5808;636;-16380|-138;-73;-147|17.188822
671|46134|-5800;692;-16440|-138;-69;-130|17.188822
672|46136|-5796;668;-16312|-125;-86;-118|17.188822
673|46137|-5736;712;-16208|-133;-73;-119|17.188822
674|46138|-5772;628;-16384|-149;-57;-155|17.282940
675|46139|-5800;472;-16380|-143;-42;-178|17.282940
676|46166|-5740;644;-16260|-152;-121;-156|17.188822
677|46168|-5652;676;-16300|-174;-133;-127|17.282940
678|46169|-5676;664;-16316|-161;-142;-127|17.188822
679|46170|-5632;608;-16316|-162;-126;-136|17.188822
680|46171|-5684;580;-16320|-153;-121;-134|17.188822
681|46173|-5704;584;-16260|-148;-146;-104|17.094706
682|46174|-5620;652;-16260|-175;-153;-79|17.282940
683|46175|-5724;664;-16220|-163;-142;-72|17.188822
684|46176|-5724;648;-16372|-171;-134;-111|17.188822
685|46178|-5684;616;-16300|-192;-156;-115|17.188822
686|46206|-5660;692;-16472|-241;-31;79|17.282940
687|46208|-5752;576;-16492|-257;-43;77|17.188822
688|46209|-5720;552;-16340|-233;-32;54|17.282940
689|46210|-5668;668;-16360|-261;-9;63|17.282940
690|46211|-5672;628;-16364|-261;0;90|17.282940
691|46213|-5704;716;-16248|-233;-11;111|17.282940
692|46214|-5712;664;-16424|-199;-3;114|17.188822
693|46215|-5736;636;-16512|-214;6;78|17.188822
694|46216|-5716;668;-16384|-257;25;89|17.188822
695|46217|-5752;708;-16316|-250;37;108|17.188822
696|46244|-5972;660;-16644|-199;-52;-38|17.188822
697|46246|-5928;676;-16548|-183;-62;9|17.094706
698|46247|-5940;704;-16500|-164;-97;21|17.188822
699|46248|-5884;704;-16380|-181;-101;-19|17.188822
700|46249|-5912;700;-16440|-180;-96;-12|17.188822
701|46251|-5956;708;-16452|-174;-105;-17|17.188822
702|46252|-5988;576;-16496|-178;-125;-41|17.282940
703|46253|-5972;748;-16472|-192;-165;-54|17.188822
704|46254|-5932;736;-16440|-182;-168;-67|17.188822
705|46256|-5912;624;-16412|-167;-139;-53|17.282940
706|46284|-5776;652;-16448|-123;-190;-123|17.282940
707|46286|-5884;636;-16272|-124;-197;-121|17.188822
708|46287|-5836;648;-16440|-108;-223;-132|17.188822
709|46288|-5876;672;-16616|-88;-216;-149|17.282940
710|46289|-5860;588;-16700|-102;-211;-150|17.188822
711|46291|-5884;636;-16452|-139;-220;-155|17.188822
712|46292|-5852;628;-16532|-139;-235;-142|17.188822
713|46293|-5772;660;-16424|-117;-226;-139|17.188822
714|46294|-5868;592;-16372|-102;-213;-147|17.188822
715|46296|-5816;596;-16372|-115;-216;-131|17.188822
716|46323|-5836;612;-16340|-140;-203;-170|17.282940
717|46324|-5928;648;-16396|-127;-164;-188|17.188822
718|46325|-5960;680;-16632|-146;-175;-143|17.188822
719|46326|-5948;720;-16516|-137;-199;-170|17.188822
720|46327|-5892;736;-16404|-127;-187;-203|17.188822
721|46329|-6020;820;-16356|-139;-145;-212|17.282940
722|46330|-6028;788;-16376|-146;-158;-201|17.188822
723|46331|-5940;844;-16520|-158;-168;-199|17.282940
724|46332|-5876;884;-16416|-151;-157;-193|17.188822
725|46334|-5836;760;-16380|-123;-141;-202|17.188822
726|46362|-5744;628;-16444|-187;-55;-249|17.188822
727|46363|-5888;612;-16512|-193;-62;-233|17.282940
728|46364|-5616;724;-16364|-199;-44;-225|17.188822
729|46366|-5784;616;-16388|-200;-100;-205|17.188822
730|46367|-5788;676;-16456|-218;-54;-215|17.282940
731|46368|-5864;596;-16484|-230;-74;-224|17.188822
732|46369|-5764;636;-16292|-204;-58;-197|17.188822
733|46371|-5936;640;-16364|-208;-47;-202|17.282940
734|46372|-5800;564;-16524|-216;-63;-206|17.188822
735|46373|-5908;572;-16576|-224;-87;-225|17.188822
