0|20599|-4176;380;1296|0;0;0|37.730000
1|20662|-4176;-234;1160|0;0;0|41.579998
2|20673|-4176;-449;1817|0;0;0|42.588821
3|20685|-4208;-745;2873|0;0;0|43.294704
4|20696|-4176;-706;3677|0;0;0|42.735882
5|20707|-4176;-256;3755|0;0;0|40.812351
6|20719|-4176;423;3163|0;0;0|38.424118
7|20730|-4208;1105;2333|0;0;0|36.980000
8|20741|-4176;1709;1545|0;0;0|36.344704
9|20753|-4176;2035;1059|0;0;0|36.682941
10|20764|-4176;2081;829|0;0;0|37.971176
11|20776|-4176;1870;794|0;0;0|40.097645
12|20787|-4176;1669;852|0;0;0|41.918236
13|20823|-4176;1691;777|0;0;0|42.594704
14|20835|-4176;1906;159|0;0;0|41.697647
15|20846|-4176;2254;-871|0;0;0|40.491764
16|20857|-4144;2804;-2147|0;0;0|39.071175
17|20869|-4144;3272;-3166|0;0;0|38.715294
18|20881|-4176;3460;-3872|0;0;0|39.377056
19|20892|-4144;3401;-4128|0;0;0|40.671177
20|20904|-4208;3126;-3934|0;0;0|41.709412
21|20915|-4176;2746;-3386|0;0;0|42.088821
22|20927|-4176;2070;-2700|0;0;0|41.703529
23|20938|-4208;1328;-2240|0;0;0|40.332939
24|20950|-4176;1136;-2165|0;0;0|41.024117
25|20962|-4144;1959;-78|0;0;0|44.556469
26|20998|-4208;-2745;5561|0;0;0|42.106468
27|21010|-4176;-4245;4540|0;0;0|34.585880
28|21021|-4176;-5606;2791|0;0;0|26.406469
29|21033|-4176;-6322;876|0;0;0|20.409410
30|21044|-4208;-6439;-920|0;0;0|16.568233
31|21056|-4176;-5984;-2504|0;0;0|14.797646
32|21067|-4176;-5327;-3480|0;0;0|15.324116
33|21079|-4176;-4795;-3318|0;0;0|17.212351
34|21091|-4208;-4308;-1829|0;0;0|20.230000
35|21102|-4176;-3754;-416|0;0;0|22.871174
36|21114|-4176;-2951;-455|0;0;0|24.474117
37|21125|-4176;-2038;-1744|0;0;0|24.700588
38|21162|-4176;-305;-10100|0;0;0|24.994705
39|21173|-4176;42;-13875|0;0;0|25.682940
40|21185|-4176;225;-15301|0;0;0|29.159410
41|21196|-4176;1012;-15148|0;0;0|33.688824
42|21208|-4144;2258;-15589|0;0;0|36.247646
43|21220|-4208;3780;-15026|0;0;0|41.456470
44|21231|-4208;4437;-13408|0;0;0|47.677055
45|21243|-4208;4060;-13936|0;0;0|47.809410
46|21255|-4144;3409;-14939|0;0;0|42.338821
47|21266|-4208;2759;-15171|0;0;0|35.332939
48|21278|-4176;2374;-15582|0;0;0|29.562351
49|21289|-4176;2287;-17049|0;0;0|25.429998
50|21326|-4176;1017;-19608|0;0;0|36.682941
51|21337|-4176;1165;-19557|0;0;0|40.579998
52|21349|-4176;1356;-20295|0;0;0|40.938824
53|21361|-4176;1767;-21461|0;0;0|39.832939
54|21372|-4176;2151;-23277|0;0;0|38.709412
55|21384|-4176;2140;-25383|0;0;0|38.632938
56|21395|-4144;1804;-28211|0;0;0|40.262352
57|21407|-4176;2291;-29778|0;0;0|40.541763
58|21419|-4144;3700;-29826|0;0;0|38.477058
59|21430|-4144;4750;-29466|0;0;0|35.574116
60|21442|-4176;5053;-30084|0;0;0|32.038822
61|21454|-4208;4732;-31459|0;0;0|28.868235
62|21490|-4208;3355;-31671|0;0;0|27.877058
63|21501|-4144;3194;-28924|0;0;0|27.856468
64|21513|-4144;3098;-26332|0;0;0|27.947647
65|21525|-4176;2582;-24452|0;0;0|28.688822
66|21536|-4176;2193;-22765|0;0;0|30.394705
67|21548|-4176;1891;-21004|0;0;0|33.132938
68|21560|-4176;1698;-18964|0;0;0|35.762352
69|21571|-4144;1081;-16464|0;0;0|39.230000
70|21583|-4176;-33;-14261|0;0;0|42.888821
71|21595|-4144;-1475;-13013|0;0;0|45.785881
72|21606|-4176;-3129;-12360|0;0;0|47.465294
73|21618|-4176;-3924;-11185|0;0;0|47.753529
74|21654|-4176;-2839;-8146|0;0;0|46.853527
75|21666|-4176;-2355;-8989|0;0;0|45.494705
76|21678|-4176;-1836;-10397|0;0;0|43.147644
77|21689|-4176;-920;-9376|0;0;0|44.591763
78|21701|-4208;328;-6078|0;0;0|47.047646
79|21712|-4176;1338;-2281|0;0;0|49.262352
80|21724|-4176;1266;537|0;0;0|49.747646
81|21735|-4208;329;2067|0;0;0|50.418236
82|21747|-4176;-873;2440|0;0;0|50.362350
83|21758|-4208;-1747;1778|0;0;0|48.756470
84|21770|-4176;-1766;1201|0;0;0|44.988823
85|21781|-4144;-1416;1443|0;0;0|40.853527
86|21818|-4176;-578;2219|0;0;0|43.600586
87|21829|-4176;-811;87|0;0;0|46.482941
88|21841|-4208;-1213;-901|0;0;0|47.238823
89|21852|-4176;-2017;-308|0;0;0|49.459412
90|21864|-4176;-2749;1068|0;0;0|51.185883
91|21875|-4176;-2330;1999|0;0;0|52.268234
92|21887|-4208;-1990;2596|0;0;0|52.450588
93|21898|-4176;-877;2437|0;0;0|52.194706
94|21910|-4176;-423;1878|0;0;0|50.256470
95|21921|-4176;-993;1418|0;0;0|47.532940
96|21933|-4208;-2330;991|0;0;0|43.818233
97|21944|-4176;-4746;946|0;0;0|43.497646
98|21981|-4176;-21363;86|0;0;0|60.297646
99|21992|-4208;-12357;-5464|0;0;0|68.756470
100|22004|-4176;1277;-9264|0;0;0|58.359413
101|22016|-4176;8547;-2890|0;0;0|66.988823
102|22027|-4208;978;7456|0;0;0|67.977058
103|22039|-4176;-3187;7388|0;0;0|55.730000
104|22051|-4208;-1952;6342|0;0;0|44.977058
105|22062|-4208;-926;8061|0;0;0|39.197647
106|22074|-4208;-324;8619|0;0;0|35.579998
107|22085|-4176;949;8745|0;0;0|33.162354
108|22097|-4176;2793;9826|0;0;0|29.691763
109|22108|-4208;4562;10899|0;0;0|25.606468
110|22145|-4176;3727;19443|0;0;0|15.562351
111|22157|-4144;1887;22224|0;0;0|16.056469
112|22168|-4176;-68;27457|0;0;0|20.038822
113|22180|-4176;-1315;32767|0;0;0|28.127058
114|22192|-4208;-1745;32767|0;0;0|39.321175
115|22203|-4176;-1685;32767|0;0;0|48.653526
116|22215|-4208;-1477;32767|0;0;0|52.650589
117|22227|-4176;-962;32767|0;0;0|50.068233
118|22239|-4176;-182;32767|0;0;0|42.730000
119|22250|-4208;814;32509|0;0;0|32.377056
120|22262|-4208;1570;28325|0;0;0|24.277058
121|22273|-4176;1983;27402|0;0;0|22.135881
122|22310|-4176;234;32767|0;0;0|43.991764
123|22322|-4144;-595;32767|0;0;0|49.453529
124|22333|-4208;-1220;32767|0;0;0|49.474117
125|22345|-4176;-1233;32095|0;0;0|44.609409
126|22357|-4176;-913;25768|0;0;0|35.753529
127|22368|-4176;-652;20719|0;0;0|28.691763
128|22380|-4176;-622;20193|0;0;0|27.918234
129|22392|-4176;-696;24805|0;0;0|34.029999
130|22403|-4176;-678;32767|0;0;0|47.600586
131|22415|-4208;-1261;32767|0;0;0|62.438820
132|22427|-4176;-2276;32767|0;0;0|71.424118
133|22439|-4176;-3191;32767|0;0;0|73.856468
134|22475|-4176;-4691;18794|0;0;0|52.291763
135|22486|-4176;-4916;17733|0;0;0|48.024117
136|22498|-4208;-5404;19248|0;0;0|47.944706
137|22510|-4176;-6153;19807|0;0;0|48.815292
138|22522|-4144;-6178;16456|0;0;0|48.127060
139|22533|-4176;-5176;14302|0;0;0|44.650589
140|22545|-4208;-3985;11513|0;0;0|41.085880
141|22557|-4176;-2814;9389|0;0;0|38.709412
142|22569|-4176;-1680;7878|0;0;0|36.800587
143|22580|-4144;-912;7459|0;0;0|35.338821
144|22592|-4176;-280;7998|0;0;0|34.665295
145|22603|-4176;113;8836|0;0;0|34.653526
146|22639|-4176;977;3526|0;0;0|26.935881
147|22651|-4208;1713;163|0;0;0|23.244705
148|22662|-4176;2508;-2685|0;0;0|20.712353
149|22674|-4176;3580;-4963|0;0;0|19.424116
150|22685|-4208;5138;-6623|0;0;0|18.859411
151|22697|-4176;7161;-8108|0;0;0|18.497646
152|22709|-4176;9150;-9590|0;0;0|18.941763
153|22720|-4176;11024;-11052|0;0;0|21.227058
154|22732|-4176;12533;-12459|0;0;0|24.912352
155|22744|-4176;13881;-14405|0;0;0|28.282940
156|22756|-4144;15527;-16946|0;0;0|30.077057
157|22768|-4176;17586;-18653|0;0;0|30.382940
158|22804|-4176;24564;-21005|0;0;0|32.391762
159|22816|-4176;26289;-20460|0;0;0|33.459412
160|22828|-4208;27350;-19712|0;0;0|34.300587
161|22840|-4144;27761;-19202|0;0;0|34.732941
162|22852|-4176;27775;-18751|0;0;0|35.185883
163|22863|-4176;27546;-18799|0;0;0|35.515293
164|22875|-4176;27379;-19104|0;0;0|35.953529
165|22887|-4176;27449;-18262|0;0;0|36.785881
166|22899|-4208;27414;-16397|0;0;0|38.315292
167|22911|-4176;26983;-14188|0;0;0|40.247646
168|22923|-4208;26246;-12434|0;0;0|41.909409
169|22959|-4176;21557;-9681|0;0;0|44.441765
170|22971|-4176;19736;-8754|0;0;0|44.741764
171|22983|-4176;17889;-7495|0;0;0|45.388824
172|22994|-4208;16112;-6207|0;0;0|46.153526
173|23006|-4176;14061;-5018|0;0;0|46.494705
174|23018|-4176;11807;-3808|0;0;0|46.394707
175|23029|-4176;9331;-2562|0;0;0|45.327057
176|23041|-4176;6840;-1631|0;0;0|43.980000
177|23053|-4208;4590;-624|0;0;0|42.624115
178|23064|-4208;2380;466|0;0;0|40.641762
179|23076|-4208;342;1305|0;0;0|39.115292
180|23087|-4176;-1498;1715|0;0;0|37.668236
181|23124|-4176;-5862;2082|0;0;0|37.238823
182|23136|-4176;-7210;2439|0;0;0|38.171177
183|23147|-4176;-8708;2752|0;0;0|38.685883
184|23159|-4176;-10505;2627|0;0;0|39.147644
185|23171|-4176;-12364;2111|0;0;0|40.132938
186|23182|-4176;-14223;1515|0;0;0|42.309410
187|23194|-4176;-15957;1194|0;0;0|45.697647
188|23206|-4176;-17282;1392|0;0;0|48.788822
189|23218|-4176;-18364;2142|0;0;0|51.094704
190|23229|-4208;-19196;2985|0;0;0|51.538822
191|23241|-4176;-19668;3741|0;0;0|50.271175
192|23253|-4176;-19713;4391|0;0;0|47.853527
193|23290|-4176;-21970;2254|0;0;0|43.082939
194|23301|-4176;-23763;1367|0;0;0|44.624115
195|23313|-4176;-25085;1891|0;0;0|45.706470
196|23325|-4176;-25551;3141|0;0;0|45.656471
197|23337|-4176;-25468;3994|0;0;0|44.559410
198|23348|-4176;-25405;4337|0;0;0|44.147644
199|23360|-4208;-25407;4826|0;0;0|44.694706
200|23372|-4208;-25476;5254|0;0;0|45.815292
201|23384|-4176;-25446;4990|0;0;0|46.850586
202|23395|-4176;-24987;5006|0;0;0|48.444706
203|23407|-4144;-23738;5722|0;0;0|50.109409
204|23444|-4144;-17502;5612|0;0;0|50.427055
205|23456|-4176;-15442;4009|0;0;0|48.127060
206|23467|-4176;-13497;1872|0;0;0|45.906471
207|23479|-4176;-11865;-272|0;0;0|43.935883
208|23491|-4176;-10091;-1658|0;0;0|42.379997
209|23503|-4208;-8218;-2379|0;0;0|41.459412
210|23514|-4176;-6514;-2519|0;0;0|41.180000
211|23526|-4176;-5193;-2364|0;0;0|40.791763
212|23538|-4176;-4045;-2344|0;0;0|39.835880
213|23550|-4208;-3100;-2407|0;0;0|37.838821
214|23561|-4176;-2228;-2126|0;0;0|35.865292
215|23573|-4176;-1428;-1522|0;0;0|34.397644
216|23610|-4176;-1356;220|0;0;0|34.456470
217|23621|-4176;-1514;363|0;0;0|34.832939
218|23633|-4176;-1348;-156|0;0;0|35.062351
219|23645|-4176;-1306;-1027|0;0;0|35.071175
220|23656|-4208;-1078;-1810|0;0;0|35.132938
221|23668|-4176;-918;-2247|0;0;0|35.930000
222|23680|-4176;-784;-2101|0;0;0|37.535881
223|23691|-4208;-641;-1968|0;0;0|39.106468
224|23703|-4208;-399;-1852|0;0;0|39.874115
225|23715|-4176;-73;-1908|0;0;0|39.168236
226|23726|-4176;242;-2193|0;0;0|37.338821
227|23738|-4144;492;-2325|0;0;0|35.697647
228|23774|-4208;1746;-3529|0;0;0|33.368233
229|23786|-4176;2238;-4587|0;0;0|33.300587
230|23797|-4176;2479;-5484|0;0;0|33.447647
231|23809|-4208;2229;-5695|0;0;0|33.965294
232|23820|-4176;1815;-5787|0;0;0|33.382938
233|23832|-4208;1409;-6349|0;0;0|31.715294
234|23844|-4176;1080;-7237|0;0;0|29.771175
235|23855|-4144;806;-7747|0;0;0|29.471176
236|23867|-4176;732;-8047|0;0;0|31.050587
237|23879|-4208;762;-8611|0;0;0|32.918236
238|23890|-4176;798;-9464|0;0;0|33.553528
239|23902|-4176;781;-10436|0;0;0|33.094704
240|23938|-4208;-380;-19149|0;0;0|28.074116
241|23950|-4208;-255;-19959|0;0;0|25.697647
242|23961|-4208;64;-19171|0;0;0|25.147646
243|23973|-4176;204;-17970|0;0;0|28.162352
244|23984|-4176;675;-15540|0;0;0|36.056469
245|23996|-4176;400;-12549|0;0;0|44.377056
246|24008|-4176;-497;-8472|0;0;0|51.282940
247|24019|-4208;-826;-6419|0;0;0|53.930000
248|24031|-4208;-500;-5659|0;0;0|54.424118
249|24043|-4176;40;-4705|0;0;0|53.788822
250|24054|-4208;453;-5304|0;0;0|52.271175
251|24066|-4208;587;-5660|0;0;0|50.591763
252|24102|-4176;1686;-4692|0;0;0|40.144703
253|24113|-4208;1317;-5327|0;0;0|37.127056
254|24125|-4176;644;-4062|0;0;0|35.909412
255|24137|-4176;-321;-2484|0;0;0|36.415295
256|24148|-4176;-1284;-2539|0;0;0|37.282940
257|24160|-4208;-2210;-2948|0;0;0|42.500587
258|24172|-4208;-3567;-2234|0;0;0|50.168236
259|24184|-4176;-5038;-178|0;0;0|56.621178
260|24195|-4176;-5919;2890|0;0;0|60.791763
261|24207|-4176;-6284;6119|0;0;0|63.374115
262|24218|-4176;-6279;8757|0;0;0|62.218235
263|24230|-4208;-5405;9505|0;0;0|56.362350
264|24266|-4208;-3711;7381|0;0;0|36.221176
265|24278|-4176;-3219;6581|0;0;0|36.003529
266|24290|-4208;-2796;5882|0;0;0|38.256470
267|24301|-4144;-2199;4835|0;0;0|42.412354
268|24313|-4208;-1687;4422|0;0;0|47.480000
269|24324|-4176;-1480;3718|0;0;0|50.871174
270|24336|-4176;-1286;2555|0;0;0|51.721176
271|24348|-4176;-1526;1546|0;0;0|50.744705
272|24359|-4208;-1728;1279|0;0;0|48.362350
273|24371|-4208;-1613;885|0;0;0|44.077057
274|24383|-4208;-1566;530|0;0;0|39.400589
275|24394|-4176;-1586;122|0;0;0|35.803528
276|24431|-4176;-1547;2133|0;0;0|37.577057
277|24443|-4176;-1910;2763|0;0;0|39.894703
278|24454|-4176;-2073;3200|0;0;0|42.091763
279|24466|-4176;-2474;2362|0;0;0|41.812351
280|24477|-4176;-4703;272|0;0;0|38.862350
281|24489|-4176;-6136;-887|0;0;0|35.794704
282|24501|-4208;-6447;-646|0;0;0|33.415295
283|24512|-4208;-7041;211|0;0;0|30.753529
284|24524|-4176;-6145;924|0;0;0|29.727058
285|24535|-4176;-4653;1371|0;0;0|29.232941
286|24547|-4176;-3305;664|0;0;0|30.103527
287|24559|-4176;-2196;592|0;0;0|32.244705
288|24595|-4176;598;-730|0;0;0|36.556469
289|24607|-4208;1216;-1349|0;0;0|35.632938
290|24618|-4208;1545;-2741|0;0;0|34.562351
291|24630|-4176;1485;-3665|0;0;0|33.341763
292|24642|-4176;1175;-4550|0;0;0|32.691765
293|24653|-4176;404;-4604|0;0;0|33.721176
294|24665|-4208;-1269;-3644|0;0;0|35.315292
295|24677|-4176;-2794;-1938|0;0;0|39.368233
296|24688|-4176;-3865;-326|0;0;0|44.194706
297|24700|-4176;-4565;1036|0;0;0|49.129997
298|24712|-4208;-4992;1634|0;0;0|52.053528
299|24723|-4208;-5012;1596|0;0;0|51.938824
300|24760|-4208;-4386;241|0;0;0|41.079998
301|24772|-4176;-3692;171|0;0;0|39.094704
302|24783|-4176;-2802;508|0;0;0|38.150585
303|24795|-4176;-1933;637|0;0;0|37.271175
304|24806|-4176;-1435;857|0;0;0|36.947647
305|24818|-4208;-1529;1170|0;0;0|36.827057
306|24830|-4208;-1883;1242|0;0;0|37.129997
307|24841|-4176;-2134;1263|0;0;0|37.279999
308|24853|-4208;-2237;950|0;0;0|37.359409
309|24864|-4176;-2240;85|0;0;0|38.044704
310|24876|-4176;-2290;-1051|0;0;0|38.988823
311|24888|-4208;-2521;-1777|0;0;0|40.697647
312|24924|-4176;-1524;502|0;0;0|43.065292
313|24936|-4176;-762;788|0;0;0|42.318233
314|24947|-4208;15;512|0;0;0|41.056469
315|24959|-4176;929;67|0;0;0|39.735882
316|24970|-4208;1602;-327|0;0;0|39.129997
317|24982|-4208;2150;-740|0;0;0|38.718235
318|24993|-4208;2643;-1429|0;0;0|37.527058
319|25005|-4176;2991;-1904|0;0;0|35.909412
320|25016|-4176;3609;-2436|0;0;0|33.480000
321|25028|-4176;4847;-2283|0;0;0|30.856468
322|25040|-4176;5364;-2100|0;0;0|28.771175
323|25051|-4208;5311;-2383|0;0;0|28.535881
324|25087|-4176;15076;-6493|0;0;0|15.665293
325|25099|-4176;-1952;-9087|0;0;0|31.862352
326|25111|-4176;-5317;4543|0;0;0|48.856468
327|25123|-4208;261;3800|0;0;0|47.847645
328|25134|-4144;-1184;7337|0;0;0|50.315292
329|25146|-4176;-348;8196|0;0;0|48.553528
330|25157|-4208;131;8067|0;0;0|47.029999
331|25169|-4176;975;7199|0;0;0|46.088821
332|25180|-4176;3187;6397|0;0;0|46.682938
333|25192|-4208;6637;5383|0;0;0|49.891762
334|25203|-4176;10970;4204|0;0;0|52.924118
335|25215|-4176;15329;2980|0;0;0|53.535881
336|25251|-4208;21968;1289|0;0;0|39.691765
337|25263|-4176;21182;2734|0;0;0|34.391762
338|25274|-4208;19552;3691|0;0;0|29.803528
339|25286|-4208;17696;4712|0;0;0|24.827057
340|25298|-4176;16678;5147|0;0;0|18.727058
341|25309|-4208;16206;3819|0;0;0|12.112352
342|25321|-4208;15172;1628|0;0;0|8.288822
343|25333|-4144;14054;442|0;0;0|6.700586
344|25344|-4176;13506;68|0;0;0|5.874117
345|25355|-4176;13174;326|0;0;0|6.197645
346|25367|-4208;12298;2170|0;0;0|8.591763
347|25378|-4176;11244;4032|0;0;0|11.953527
348|25415|-4144;9024;2381|0;0;0|7.212351
349|25426|-4208;8340;1601|0;0;0|4.794704
350|25437|-4208;7552;2229|0;0;0|2.247646
351|25449|-4176;7075;2208|0;0;0|1.203529
352|25460|-4208;6325;3017|0;0;0|1.788822
353|25472|-4176;4295;3985|0;0;0|4.918234
354|25483|-4176;839;4915|0;0;0|9.291763
355|25495|-4176;-2241;2959|0;0;0|10.650587
356|25506|-4176;-5166;692|0;0;0|13.541763
357|25518|-4176;-7160;-726|0;0;0|17.318233
358|25529|-4208;-9194;-964|0;0;0|22.215294
359|25541|-4176;-11648;443|0;0;0|27.929998
360|25577|-4176;-17404;4413|0;0;0|47.329998
361|25589|-4176;-16063;5064|0;0;0|48.571175
362|25601|-4176;-14590;5031|0;0;0|46.753529
363|25612|-4144;-14169;4762|0;0;0|43.227058
364|25624|-4208;-14793;3184|0;0;0|40.003529
365|25636|-4176;-15716;1972|0;0;0|38.527058
366|25648|-4176;-15635;2057|0;0;0|38.238823
367|25659|-4176;-15089;2774|0;0;0|37.618233
368|25671|-4176;-14821;3464|0;0;0|36.074116
369|25683|-4208;-15098;4539|0;0;0|35.047646
370|25695|-4176;-15359;3816|0;0;0|34.777058
371|25706|-4208;-15117;739|0;0;0|33.309410
372|25743|-4176;-12413;-5569|0;0;0|25.909410
373|25755|-4176;-10876;-5967|0;0;0|26.971176
374|25767|-4208;-8624;-6000|0;0;0|30.541763
375|25778|-4176;-6618;-5604|0;0;0|36.685883
376|25790|-4176;-5360;-4616|0;0;0|42.694706
377|25802|-4176;-4631;-4033|0;0;0|45.838821
378|25814|-4176;-3943;-3950|0;0;0|45.577057
379|25825|-4176;-2959;-3382|0;0;0|42.515293
380|25837|-4176;-2083;-2799|0;0;0|38.844704
381|25849|-4176;-2008;-1884|0;0;0|35.147644
382|25861|-4176;-2763;744|0;0;0|32.394707
383|25872|-4176;-2000;679|0;0;0|29.688822
384|25909|-4176;-90;-1432|0;0;0|27.521175
385|25920|-4176;741;-1522|0;0;0|28.341763
386|25932|-4176;1118;-1527|0;0;0|29.862352
387|25944|-4176;1114;-1572|0;0;0|31.150587
388|25955|-4176;717;-1879|0;0;0|31.809410
389|25967|-4144;172;-2221|0;0;0|31.727058
390|25978|-4176;-169;-2559|0;0;0|31.015293
391|25990|-4176;-377;-2754|0;0;0|30.259411
392|26002|-4176;-309;-2635|0;0;0|29.953529
393|26013|-4144;-231;-2386|0;0;0|31.065292
394|26025|-4176;-430;-2181|0;0;0|32.915295
395|26037|-4176;-858;-2374|0;0;0|34.177059
396|26073|-4176;-1151;-2160|0;0;0|35.600586
397|26085|-4176;-932;-1814|0;0;0|36.194706
398|26097|-4208;-568;-1398|0;0;0|36.444706
399|26108|-4176;-206;-861|0;0;0|35.909412
400|26120|-4176;129;-411|0;0;0|35.159412
401|26131|-4208;329;54|0;0;0|34.932941
402|26143|-4176;452;277|0;0;0|34.682941
403|26154|-4208;463;281|0;0;0|34.688824
404|26165|-4176;335;379|0;0;0|35.585880
405|26177|-4176;146;319|0;0;0|37.032940
406|26188|-4176;16;378|0;0;0|37.829998
407|26199|-4208;18;591|0;0;0|38.097645
408|26236|-4208;226;477|0;0;0|38.735882
409|26247|-4176;133;441|0;0;0|38.421177
410|26258|-4176;18;810|0;0;0|39.621174
411|26270|-4208;45;1055|0;0;0|42.250587
412|26281|-4208;310;733|0;0;0|44.941765
413|26292|-4176;444;162|0;0;0|45.894707
414|26304|-4176;505;-269|0;0;0|45.879997
415|26315|-4176;479;-255|0;0;0|45.894707
416|26327|-4176;510;431|0;0;0|47.115292
417|26338|-4176;1045;1790|0;0;0|52.147644
418|26350|-4176;2159;3511|0;0;0|60.615295
419|26361|-4176;3515;4543|0;0;0|71.482941
420|26373|-4176;4119;4745|0;0;0|81.327057
421|26409|-4176;1523;3578|0;0;0|108.938820
422|26420|-4176;-428;2895|0;0;0|117.229996
423|26432|-4208;-2033;2042|0;0;0|121.659409
424|26444|-4176;-2710;654|0;0;0|121.218231
425|26455|-4176;-1858;155|0;0;0|115.518234
426|26467|-4176;51;12|0;0;0|108.921173
427|26478|-4176;1737;-467|0;0;0|104.635880
428|26490|-4176;2835;-1357|0;0;0|102.129997
429|26502|-4208;2888;-1901|0;0;0|103.259407
430|26513|-4208;2280;-1528|0;0;0|108.362350
431|26525|-4176;734;-1009|0;0;0|114.835884
432|26537|-4176;-1007;-1414|0;0;0|118.930000
433|26573|-4144;-983;-5989|0;0;0|96.927063
434|26585|-4208;-736;-5541|0;0;0|91.068237
435|26596|-4176;-711;-4340|0;0;0|86.418236
436|26608|-4176;-503;-3213|0;0;0|83.165298
437|26620|-4176;-620;-2759|0;0;0|80.344704
438|26631|-4176;-1181;-2505|0;0;0|77.529999
439|26643|-4176;-1756;-2265|0;0;0|75.241760
440|26655|-4208;-2399;-2498|0;0;0|72.306473
441|26667|-4176;-2570;-3251|0;0;0|68.438820
442|26678|-4176;-2143;-4012|0;0;0|62.959412
443|26690|-4144;-1342;-4562|0;0;0|57.129997
444|26726|-4208;845;-5359|0;0;0|32.912354
445|26738|-4208;979;-4976|0;0;0|23.368233
446|26749|-4176;646;-4170|0;0;0|14.403528
447|26761|-4208;141;-3742|0;0;0|7.174116
448|26772|-4176;-275;-4096|0;0;0|1.250587
449|26784|-4208;-341;-4814|0;0;0|-3.017059
450|26796|-4176;-251;-5118|0;0;0|-7.670002
451|26807|-4176;-107;-5170|0;0;0|-13.231766
452|26819|-4208;49;-4440|0;0;0|-20.414120
453|26831|-4176;144;-3160|0;0;0|-27.387650
454|26842|-4176;157;-1564|0;0;0|-34.349411
455|26854|-4208;159;-446|0;0;0|-41.872940
456|26890|-4176;-920;2510|0;0;0|-59.846474
457|26902|-4144;-1230;3937|0;0;0|-59.846474
458|26913|-4176;-1259;5533|0;0;0|-59.846474
459|26925|-4144;-832;7236|0;0;0|-59.846474
460|26937|-4176;309;9799|0;0;0|-59.846474
461|26948|-4176;2325;12935|0;0;0|-59.846474
462|26960|-4176;4809;15972|0;0;0|-59.846474
463|26972|-4176;7469;17873|0;0;0|-59.846474
464|26983|-4208;10256;18437|0;0;0|-59.846474
465|26995|-4176;12372;18411|0;0;0|-59.846474
466|27007|-4176;13293;18414|0;0;0|-59.846474
467|27019|-4176;13169;18045|0;0;0|-59.846474
468|27056|-4176;10937;12626|0;0;0|-55.625885
469|27068|-4176;9927;11528|0;0;0|-46.981766
470|27080|-4208;9111;9691|0;0;0|-41.675880
471|27091|-4208;8418;7081|0;0;0|-38.978828
472|27103|-4176;7785;4413|0;0;0|-36.422943
473|27115|-4176;7018;1415|0;0;0|-32.840591
474|27126|-4176;6103;-746|0;0;0|-27.090588
475|27138|-4176;5399;-1770|0;0;0|-19.108238
476|27150|-4176;4509;-2877|0;0;0|-11.499413
477|27161|-4176;4014;-3684|0;0;0|-2.917061
478|27173|-4176;4440;-3291|0;0;0|8.403528
479|27185|-4176;4799;-2685|0;0;0|19.215292
480|27221|-4176;2033;-2258|0;0;0|42.691765
481|27233|-4176;1173;-1514|0;0;0|51.059410
482|27245|-4144;261;-1252|0;0;0|59.056469
483|27256|-4208;-499;-1737|0;0;0|65.394707
484|27268|-4208;-1589;-2215|0;0;0|71.809410
485|27279|-4176;-3195;-2823|0;0;0|76.635880
486|27291|-4176;-4983;-3780|0;0;0|80.156471
487|27303|-4176;-6609;-4427|0;0;0|83.682938
488|27315|-4176;-7941;-4895|0;0;0|87.462357
489|27326|-4176;-9440;-5519|0;0;0|92.191765
490|27338|-4176;-10912;-6754|0;0;0|97.724121
491|27350|-4176;-11925;-7777|0;0;0|105.235878
492|27387|-4176;-10415;-5734|0;0;0|129.547638
493|27399|-4176;-8185;-5349|0;0;0|129.582947
494|27411|-4208;-6113;-5385|0;0;0|123.868233
495|27423|-4176;-4805;-5995|0;0;0|112.835884
496|27435|-4176;-3735;-6664|0;0;0|99.094704
497|27446|-4176;-2652;-7343|0;0;0|85.662354
498|27458|-4208;-1100;-7820|0;0;0|74.550583
499|27470|-4144;1061;-7330|0;0;0|65.227058
500|27481|-4208;4555;-5701|0;0;0|55.315292
501|27493|-4176;9191;-4052|0;0;0|45.365292
502|27505|-4176;14052;-3375|0;0;0|36.977058
503|27542|-4176;29630;-5912|0;0;0|26.965294
504|27553|-4176;32767;-6859|0;0;0|27.656469
505|27565|-4208;32767;-7443|0;0;0|27.888823
506|27577|-4176;32767;-8061|0;0;0|27.153528
507|27588|-4208;32767;-7712|0;0;0|26.609409
508|27600|-4176;32767;-5629|0;0;0|27.385881
509|27612|-4176;32767;-4513|0;0;0|27.547646
510|27624|-4208;32767;-5050|0;0;0|26.244705
511|27635|-4176;32767;-5951|0;0;0|25.350586
512|27647|-4176;32767;-6386|0;0;0|26.118233
513|27659|-4176;32767;-5883|0;0;0|27.103527
514|27671|-4176;32767;-6047|0;0;0|27.127058
515|27707|-4176;32767;-9110|0;0;0|27.762352
516|27719|-4208;32767;-8286|0;0;0|29.480000
517|27730|-4176;32767;-6571|0;0;0|30.950586
518|27742|-4176;32347;-4764|0;0;0|32.062351
519|27754|-4176;29803;-3491|0;0;0|32.141762
520|27766|-4176;27110;-3306|0;0;0|31.132940
521|27777|-4208;23707;-3559|0;0;0|30.221176
522|27789|-4176;20239;-3189|0;0;0|29.912352
523|27801|-4176;16602;-2133|0;0;0|30.909410
524|27812|-4176;12832;-903|0;0;0|32.947647
525|27824|-4176;8913;-76|0;0;0|35.535881
526|27836|-4208;5169;409|0;0;0|36.809410
527|27872|-4144;-3886;1831|0;0;0|36.447647
528|27883|-4176;-6173;2609|0;0;0|37.941765
529|27895|-4176;-8285;2803|0;0;0|38.803528
530|27906|-4176;-10675;2003|0;0;0|38.800587
531|27918|-4176;-13210;411|0;0;0|39.235882
532|27930|-4144;-16000;-1008|0;0;0|42.379997
533|27942|-4176;-18373;-916|0;0;0|47.365292
534|27953|-4176;-20069;489|0;0;0|52.518234
535|27965|-4144;-21110;34|0;0;0|54.706467
536|27977|-4176;-21822;-1423|0;0;0|55.038822
537|27989|-4176;-22652;-3616|0;0;0|56.177055
538|28025|-4208;-23948;-14099|0;0;0|66.824112
539|28037|-4176;-23381;-17879|0;0;0|66.615295
540|28049|-4176;-22720;-22010|0;0;0|64.262352
541|28061|-4176;-21842;-27427|0;0;0|61.691765
542|28073|-4208;-20896;-32768|0;0;0|62.388824
543|28085|-4144;-20206;-32768|0;0;0|68.094704
544|28097|-4176;-18157;-32768|0;0;0|76.109406
545|28109|-4176;-15557;-32768|0;0;0|81.527054
546|28120|-4176;-13090;-32768|0;0;0|82.259415
547|28132|-4176;-11617;-32768|0;0;0|80.312347
548|28144|-4176;-10555;-32768|0;0;0|78.129997
549|28181|-4176;-5022;-32768|0;0;0|88.532944
550|28193|-4176;-1431;-32768|0;0;0|88.659409
551|28204|-4208;2546;-32768|0;0;0|83.544708
552|28216|-4208;5302;-32768|0;0;0|75.200592
553|28228|-4176;6337;-32768|0;0;0|70.735886
554|28240|-4176;5985;-32768|0;0;0|71.750587
555|28251|-4176;4901;-32768|0;0;0|78.788818
556|28263|-4176;3395;-32768|0;0;0|87.229996
557|28275|-4176;1101;-31349|0;0;0|95.568237
558|28287|-4208;-1467;-27888|0;0;0|100.053528
559|28299|-4208;-2775;-27982|0;0;0|95.832939
560|28310|-4176;-1682;-28859|0;0;0|87.418236
561|28347|-4176;3612;-24912|0;0;0|68.356468
562|28359|-4208;4112;-22596|0;0;0|64.206467
563|28371|-4176;3874;-19428|0;0;0|60.956467
564|28383|-4208;3506;-16461|0;0;0|59.556469
565|28394|-4176;3078;-14431|0;0;0|59.059410
566|28406|-4176;2883;-12114|0;0;0|57.735882
567|28418|-4176;2737;-9400|0;0;0|55.056469
568|28429|-4208;2496;-6373|0;0;0|51.859409
569|28441|-4176;2246;-3869|0;0;0|49.550587
570|28453|-4176;2240;-1412|0;0;0|47.150589
571|28464|-4176;2430;1294|0;0;0|44.341763
572|28476|-4176;2732;4463|0;0;0|41.574116
573|28513|-4176;2368;19014|0;0;0|37.400585
574|28524|-4176;2412;24716|0;0;0|39.488823
575|28536|-4176;2415;30251|0;0;0|42.459412
576|28548|-4176;2506;32767|0;0;0|46.230000
577|28559|-4208;2730;32767|0;0;0|49.218235
578|28571|-4176;2972;32767|0;0;0|51.038822
579|28582|-4208;2883;32767|0;0;0|52.059410
580|28594|-4208;2128;32767|0;0;0|52.956467
581|28606|-4176;1189;32767|0;0;0|53.430000
582|28617|-4176;453;32767|0;0;0|52.150589
583|28629|-4176;217;32767|0;0;0|49.003529
584|28641|-4176;422;32767|0;0;0|45.159409
585|28677|-4144;1592;32767|0;0;0|35.732941
586|28689|-4176;1560;32767|0;0;0|36.427059
587|28700|-4176;1603;32767|0;0;0|37.132938
588|28712|-4176;1883;32767|0;0;0|36.318233
589|28724|-4176;2341;32767|0;0;0|33.762352
590|28735|-4176;2706;32767|0;0;0|30.324116
591|28747|-4208;2855;32767|0;0;0|26.959412
592|28759|-4176;2921;32767|0;0;0|23.050587
593|28770|-4208;2834;32767|0;0;0|18.065292
594|28782|-4176;2740;32767|0;0;0|13.894705
595|28794|-4208;2639;32767|0;0;0|13.177057
596|28805|-4144;2556;32767|0;0;0|17.029999
597|28842|-4208;2956;32767|0;0;0|46.215294
598|28854|-4208;2631;32767|0;0;0|45.388824
599|28865|-4144;2273;32767|0;0;0|37.962353
600|28877|-4208;2038;32767|0;0;0|27.532940
601|28889|-4208;1758;32767|0;0;0|19.471176
602|28900|-4208;1116;32767|0;0;0|15.941763
603|28912|-4176;-82;32767|0;0;0|16.512352
604|28924|-4176;-1607;32767|0;0;0|19.874117
605|28935|-4176;-3120;32767|0;0;0|24.597645
606|28947|-4176;-4259;32767|0;0;0|28.059410
607|28959|-4176;-5136;32767|0;0;0|29.829998
608|28995|-4144;-7919;32767|0;0;0|34.891762
609|29007|-4176;-8862;32767|0;0;0|38.456470
610|29018|-4176;-9513;32767|0;0;0|43.127056
611|29030|-4176;-9279;32767|0;0;0|46.868233
612|29042|-4176;-8572;32767|0;0;0|47.656471
613|29054|-4176;-7902;32767|0;0;0|45.641762
614|29065|-4176;-7547;32767|0;0;0|43.685883
615|29077|-4208;-7805;32203|0;0;0|42.029999
616|29089|-4176;-8415;31721|0;0;0|40.312351
617|29101|-4176;-8821;31656|0;0;0|38.865292
618|29112|-4176;-8567;29431|0;0;0|37.106468
619|29124|-4176;-7935;26722|0;0;0|38.582939
620|29160|-4176;-5654;19159|0;0;0|40.271175
621|29172|-4176;-4617;15763|0;0;0|37.415295
622|29184|-4208;-4088;12863|0;0;0|35.021175
623|29195|-4176;-3806;9449|0;0;0|32.279999
624|29207|-4176;-3609;6265|0;0;0|28.421175
625|29219|-4208;-3006;3205|0;0;0|23.621174
626|29230|-4208;-1826;1179|0;0;0|19.271175
627|29242|-4208;-316;-40|0;0;0|15.462351
628|29254|-4176;1503;-1192|0;0;0|12.841763
629|29265|-4176;2875;-3290|0;0;0|10.903528
630|29277|-4176;3970;-8148|0;0;0|7.521175
631|29288|-4176;4611;-11253|0;0;0|6.144705
632|29324|-4176;6132;-20138|0;0;0|13.268234
633|29336|-4176;5617;-21590|0;0;0|15.709410
634|29348|-4176;4727;-18961|0;0;0|19.300587
635|29360|-4208;4638;-19237|0;0;0|22.588821
636|29371|-4176;5491;-21499|0;0;0|25.791763
637|29383|-4176;6725;-24854|0;0;0|26.888823
638|29395|-4176;7733;-31038|0;0;0|21.182940
639|29407|-4208;8164;-32768|0;0;0|10.312351
640|29418|-4176;7540;-32768|0;0;0|1.024117
641|29430|-4144;6241;-32768|0;0;0|-2.164120
642|29442|-4176;4504;-32768|0;0;0|-0.431767
643|29453|-4144;2962;-32768|0;0;0|6.344706
644|29490|-4176;2281;-32768|0;0;0|26.212353
645|29501|-4176;2357;-32768|0;0;0|28.621176
646|29513|-4176;2447;-32768|0;0;0|29.024117
647|29525|-4176;2918;-32768|0;0;0|29.209412
648|29537|-4176;3521;-32768|0;0;0|29.900587
649|29548|-4176;4178;-32768|0;0;0|31.815292
650|29560|-4176;4204;-32768|0;0;0|35.612350
651|29572|-4176;3135;-32768|0;0;0|40.665291
652|29583|-4208;1150;-32768|0;0;0|45.921173
653|29595|-4176;-1045;-32768|0;0;0|47.718235
654|29607|-4176;-2954;-32768|0;0;0|44.303528
655|29644|-4208;-4206;-32768|0;0;0|30.194704
656|29656|-4176;-4090;-32768|0;0;0|29.941763
657|29668|-4208;-4084;-32768|0;0;0|28.818233
658|29680|-4176;-3831;-32768|0;0;0|26.206470
659|29691|-4176;-3351;-32768|0;0;0|24.491764
660|29703|-4208;-2669;-32768|0;0;0|22.894705
661|29715|-4208;-2291;-32768|0;0;0|19.471176
662|29727|-4176;-2143;-32768|0;0;0|13.141764
663|29739|-4176;-2055;-32768|0;0;0|6.529999
664|29751|-4176;-1607;-32768|0;0;0|1.832939
665|29762|-4176;-1077;-32768|0;0;0|1.168236
666|29774|-4208;-523;-32768|0;0;0|3.671177
667|29811|-4176;612;-32768|0;0;0|16.053528
668|29822|-4208;759;-32768|0;0;0|18.365294
669|29834|-4208;1071;-32768|0;0;0|19.988823
670|29846|-4208;1877;-32768|0;0;0|23.485882
671|29858|-4176;3150;-32768|0;0;0|28.397646
672|29869|-4176;4425;-32768|0;0;0|33.209412
673|29881|-4208;5099;-32768|0;0;0|38.144703
674|29893|-4176;4619;-32560|0;0;0|41.665291
675|29905|-4208;3167;-27308|0;0;0|46.256470
676|29916|-4176;924;-21212|0;0;0|50.356468
677|29928|-4208;-1607;-18656|0;0;0|49.103527
678|29965|-4176;-2012;-13752|0;0;0|34.447647
679|29977|-4176;-1177;-11237|0;0;0|32.682941
680|29989|-4176;-199;-8016|0;0;0|32.456470
681|30000|-4176;900;-4393|0;0;0|32.862350
682|30012|-4176;1894;-1562|0;0;0|32.482941
683|30023|-4208;2549;951|0;0;0|31.541763
684|30035|-4176;2962;3335|0;0;0|30.450586
685|30046|-4176;3238;6082|0;0;0|30.177057
686|30058|-4208;3515;10013|0;0;0|30.980000
687|30070|-4176;3754;14070|0;0;0|33.397644
688|30081|-4176;3851;17223|0;0;0|35.562351
689|30093|-4176;3617;19803|0;0;0|36.730000
690|30130|-4176;3351;26489|0;0;0|35.662354
691|30141|-4176;3766;27144|0;0;0|33.012352
692|30153|-4176;4476;27003|0;0;0|30.121176
693|30165|-4176;4975;26081|0;0;0|27.641764
694|30176|-4176;4905;25431|0;0;0|26.941765
695|30188|-4208;4310;25561|0;0;0|28.185881
696|30200|-4208;3463;26323|0;0;0|30.053528
697|30211|-4208;2458;27390|0;0;0|31.512352
698|30223|-4176;1982;28668|0;0;0|31.585880
699|30235|-4208;2052;29226|0;0;0|30.756470
700|30246|-4208;2134;28850|0;0;0|29.135881
701|30258|-4176;2045;27542|0;0;0|27.368233
702|30294|-4208;566;26464|0;0;0|34.771175
703|30305|-4240;264;28552|0;0;0|40.285881
704|30317|-4208;173;31166|0;0;0|43.965294
705|30329|-4208;116;32767|0;0;0|45.174118
706|30340|-4240;-130;32767|0;0;0|45.127060
707|30352|-4176;-613;32767|0;0;0|45.212353
708|30363|-4208;-1118;32767|0;0;0|46.506470
709|30375|-4208;-1392;32767|0;0;0|48.680000
710|30387|-4176;-1532;32767|0;0;0|51.935883
711|30399|-4208;-1323;32767|0;0;0|55.829998
712|30410|-4176;-1040;32767|0;0;0|58.785881
713|30422|-4208;-627;32767|0;0;0|60.271175
714|30458|-4208;-267;32767|0;0;0|56.859413
715|30470|-4208;-23;32767|0;0;0|56.050587
716|30482|-4208;304;32767|0;0;0|55.059410
717|30493|-4176;514;32767|0;0;0|54.271175
718|30505|-4240;688;32767|0;0;0|53.388824
719|30516|-4208;724;32767|0;0;0|52.394707
720|30528|-4208;59;32767|0;0;0|51.859409
721|30539|-4208;-1273;32767|0;0;0|52.932938
722|30551|-4176;-3214;32767|0;0;0|55.218235
723|30563|-4208;-5171;32767|0;0;0|57.977058
724|30574|-4176;-6211;32767|0;0;0|59.465294
725|30586|-4176;-6129;32767|0;0;0|58.762352
726|30622|-4208;-3738;32767|0;0;0|45.250587
727|30634|-4208;-2899;30053|0;0;0|43.018234
728|30646|-4240;-1819;27773|0;0;0|43.518234
729|30658|-4208;-894;25073|0;0;0|45.682938
730|30669|-4208;-410;22130|0;0;0|47.644707
731|30681|-4208;167;20024|0;0;0|48.297646
732|30692|-4176;770;18551|0;0;0|48.300587
733|30704|-4208;1119;16212|0;0;0|46.891762
734|30716|-4176;1262;13277|0;0;0|43.921177
735|30727|-4176;1550;10239|0;0;0|40.027058
736|30739|-4208;1779;6693|0;0;0|34.818233
737|30751|-4176;1864;3520|0;0;0|30.074116
738|30787|-4144;3115;-7183|0;0;0|21.053528
739|30798|-4176;3866;-13309|0;0;0|16.759411
740|30810|-4176;4450;-19316|0;0;0|11.494705
741|30822|-4208;5121;-25513|0;0;0|4.888823
742|30833|-4208;5163;-30952|0;0;0|-1.958237
743|30845|-4176;4759;-32768|0;0;0|-6.540588
744|30857|-4144;4519;-32768|0;0;0|-9.743530
745|30869|-4176;4047;-32768|0;0;0|-13.999413
746|30880|-4176;3374;-32768|0;0;0|-18.237648
747|30892|-4176;2432;-32768|0;0;0|-20.311176
748|30904|-4176;1803;-32768|0;0;0|-18.472942
749|30916|-4208;1707;-32768|0;0;0|-13.746471
750|30953|-4208;3730;-32561|0;0;0|15.741764
751|30965|-4208;5504;-27578|0;0;0|25.553528
752|30976|-4208;7427;-22970|0;0;0|31.094704
753|30988|-4208;8801;-20159|0;0;0|30.891764
754|31000|-4208;9316;-19484|0;0;0|26.365292
755|31012|-4176;9145;-20300|0;0;0|19.262352
756|31023|-4176;8458;-20804|0;0;0|13.653528
757|31035|-4176;7632;-20467|0;0;0|11.685881
758|31047|-4208;6848;-18772|0;0;0|13.977058
759|31059|-4208;6053;-16214|0;0;0|18.385881
760|31070|-4176;5118;-13104|0;0;0|24.147646
761|31107|-4208;1259;-4142|0;0;0|34.956470
762|31119|-4208;59;-2944|0;0;0|34.268234
763|31130|-4208;-1002;-2726|0;0;0|33.377056
764|31142|-4208;-1691;-2655|0;0;0|33.129997
765|31154|-4176;-1942;-2198|0;0;0|33.285881
766|31165|-4208;-1884;-1757|0;0;0|34.474117
767|31177|-4176;-1396;-907|0;0;0|36.588821
768|31189|-4208;-844;-74|0;0;0|38.588821
769|31200|-4208;-329;518|0;0;0|40.047646
770|31212|-4208;-33;1236|0;0;0|40.435883
771|31223|-4208;264;1672|0;0;0|39.441765
772|31235|-4176;415;1537|0;0;0|37.765293
773|31271|-4208;19;944|0;0;0|37.153526
774|31283|-4144;87;1009|0;0;0|37.721176
775|31294|-4144;88;677|0;0;0|37.668236
776|31305|-4208;197;877|0;0;0|38.009411
777|31316|-4176;171;1244|0;0;0|38.730000
778|31328|-4176;91;1890|0;0;0|39.444706
779|31339|-4176;-128;2237|0;0;0|39.838821
780|31351|-4176;-445;2019|0;0;0|40.297646
781|31362|-4208;-641;1542|0;0;0|40.565292
782|31374|-4176;-849;844|0;0;0|40.244705
783|31385|-4176;-768;475|0;0;0|39.841763
784|31397|-4176;-493;282|0;0;0|39.053528
785|31408|-4208;-92;-54|0;0;0|37.935883
786|31445|-4208;115;-634|0;0;0|37.791763
787|31456|-4176;143;-385|0;0;0|37.650585
788|31468|-4208;78;-73|0;0;0|37.568233
789|31479|-4176;-54;250|0;0;0|37.182941
790|31490|-4208;-262;357|0;0;0|37.062351
791|31502|-4176;-485;257|0;0;0|37.056469
792|31513|-4176;-471;156|0;0;0|36.991764
793|31525|-4176;-333;191|0;0;0|37.118233
794|31536|-4176;-124;311|0;0;0|37.459412
795|31548|-4176;34;213|0;0;0|37.477058
796|31559|-4208;24;15|0;0;0|37.288822
797|31570|-4208;-17;-267|0;0;0|36.912354
798|31582|-4208;-176;-429|0;0;0|36.588821
799|31618|-4208;-801;828|0;0;0|38.932941
800|31629|-4208;-841;1186|0;0;0|39.332939
801|31641|-4208;-739;946|0;0;0|38.515293
802|31652|-4176;-528;411|0;0;0|37.112350
803|31664|-4176;-300;14|0;0;0|36.432941
804|31675|-4208;-67;-60|0;0;0|36.677059
805|31687|-4176;-27;-72|0;0;0|37.279999
806|31698|-4208;-124;-169|0;0;0|37.641762
807|31709|-4176;-178;7|0;0;0|37.868233
808|31721|-4208;-85;11|0;0;0|38.212353
809|31732|-4176;-8;-250|0;0;0|37.806469
810|31743|-4208;145;-550|0;0;0|36.932941
811|31779|-4176;-39;-558|0;0;0|36.262352
812|31791|-4208;-243;-536|0;0;0|36.374115
813|31802|-4208;-401;-528|0;0;0|36.759411
814|31814|-4176;-552;-418|0;0;0|37.306469
815|31825|-4240;-585;-75|0;0;0|37.824116
816|31837|-4208;-400;-70|0;0;0|37.491764
817|31848|-4208;-153;-421|0;0;0|36.303528
818|31860|-4208;-56;-989|0;0;0|35.159412
819|31871|-4176;-135;-1529|0;0;0|34.612350
820|31883|-4176;-272;-2222|0;0;0|34.441765
821|31895|-4208;-362;-2828|0;0;0|34.174118
822|31906|-4176;-416;-3014|0;0;0|34.379997
823|31942|-4208;331;-4726|0;0;0|34.635880
824|31954|-4176;203;-5924|0;0;0|34.688824
825|31966|-4176;34;-7237|0;0;0|35.180000
826|31977|-4208;-79;-8829|0;0;0|35.156471
827|31989|-4176;-267;-10011|0;0;0|35.079998
828|32000|-4208;-244;-11243|0;0;0|34.368233
829|32012|-4208;-254;-13767|0;0;0|32.871174
830|32024|-4176;-433;-16944|0;0;0|31.077057
831|32036|-4176;-775;-19497|0;0;0|30.435881
832|32047|-4176;-950;-21788|0;0;0|29.947645
833|32059|-4208;-736;-23807|0;0;0|29.697645
834|32071|-4176;-239;-25512|0;0;0|29.915293
835|32107|-4176;1782;-28269|0;0;0|31.412352
836|32119|-4176;2672;-28778|0;0;0|30.841763
837|32130|-4208;3248;-27807|0;0;0|31.588821
838|32142|-4176;3098;-26401|0;0;0|33.250587
839|32154|-4208;2720;-24968|0;0;0|35.209412
840|32166|-4176;2393;-24164|0;0;0|37.303528
841|32177|-4208;2185;-23766|0;0;0|39.424118
842|32189|-4176;2643;-23746|0;0;0|41.200588
843|32201|-4208;3648;-23971|0;0;0|42.812351
844|32213|-4208;4885;-23514|0;0;0|44.629997
845|32224|-4176;5987;-23515|0;0;0|45.659409
846|32236|-4176;7184;-24266|0;0;0|46.444706
847|32273|-4208;6478;-31457|0;0;0|42.082939
848|32285|-4208;4594;-32768|0;0;0|42.582939
849|32296|-4240;2667;-32369|0;0;0|45.853527
850|32308|-4208;145;-30005|0;0;0|51.003529
851|32320|-4208;-2333;-28273|0;0;0|54.468235
852|32332|-4176;-4607;-26384|0;0;0|55.906471
853|32343|-4208;-6019;-24138|0;0;0|52.771175
854|32355|-4176;-6788;-21865|0;0;0|45.529999
855|32367|-4176;-7309;-17734|0;0;0|37.659412
856|32379|-4208;-7897;-14365|0;0;0|29.794704
857|32391|-4208;-6850;-13446|0;0;0|19.821175
858|32428|-4176;-3486;-8142|0;0;0|11.003529
859|32439|-4176;-2311;-1839|0;0;0|26.338821
860|32451|-4208;263;2601|0;0;0|39.859409
861|32463|-4176;2507;4066|0;0;0|48.694706
862|32474|-4208;2939;2997|0;0;0|53.194702
863|32486|-4176;1427;-374|0;0;0|50.521175
864|32497|-4176;-959;-2934|0;0;0|42.368233
865|32509|-4208;-3190;-3916|0;0;0|37.668236
866|32521|-4208;-4279;-2983|0;0;0|38.494705
867|32532|-4176;-3999;-1847|0;0;0|39.103527
868|32544|-4208;-3235;-732|0;0;0|39.268234
869|32556|-4208;-2634;82|0;0;0|37.806469
870|32592|-4208;-417;-73|0;0;0|31.927057
871|32604|-4208;614;290|0;0;0|31.365294
872|32615|-4208;1693;561|0;0;0|31.662352
873|32627|-4208;2056;1062|0;0;0|32.750587
874|32638|-4176;1861;853|0;0;0|33.274117
875|32650|-4176;1404;614|0;0;0|33.438824
876|32661|-4208;1103;467|0;0;0|33.853527
877|32673|-4208;1147;533|0;0;0|34.265293
878|32684|-4176;1244;814|0;0;0|34.747646
879|32696|-4208;1156;889|0;0;0|35.618233
880|32707|-4208;902;964|0;0;0|36.862350
881|32718|-4208;506;598|0;0;0|37.874115
882|32730|-4208;346;248|0;0;0|38.703529
883|32766|-4176;433;955|0;0;0|38.065292
884|32778|-4176;286;722|0;0;0|36.629997
885|32789|-4208;82;156|0;0;0|35.582939
886|32800|-4176;-218;-451|0;0;0|35.700588
887|32812|-4208;-322;-765|0;0;0|36.065292
888|32823|-4240;-147;-530|0;0;0|36.585880
889|32835|-4176;28;-387|0;0;0|36.574116
890|32846|-4176;-101;-457|0;0;0|36.588821
891|32858|-4208;-693;-932|0;0;0|37.862350
892|32869|-4208;710;-8271|0;0;0|35.568233
893|32881|-4176;-644;-500|0;0;0|36.515293
894|32892|-4208;-922;-1073|0;0;0|37.200588
895|32929|-4208;-208;-900|0;0;0|37.182941
896|32940|-4176;-186;-596|0;0;0|37.174118
897|32952|-4176;24;-216|0;0;0|37.077057
898|32963|-4176;368;162|0;0;0|37.029999
899|32974|-4176;756;1003|0;0;0|36.550587
900|32986|-4176;860;2009|0;0;0|35.268234
901|32997|-4208;748;2572|0;0;0|34.438824
902|33009|-4208;168;2438|0;0;0|33.574116
903|33020|-4208;-303;1886|0;0;0|33.253529
904|33032|-4208;-1485;1040|0;0;0|33.744705
905|33044|-4176;-2640;209|0;0;0|33.791763
906|33055|-4176;-3957;-917|0;0;0|33.021175
907|33067|-4208;-5525;-1079|0;0;0|36.262352
908|33103|-4208;-4204;-205|0;0;0|34.368233
909|33115|-4176;-3269;1345|0;0;0|30.932940
910|33126|-4208;-1821;2327|0;0;0|24.877058
911|33138|-4176;-189;2275|0;0;0|18.556469
912|33150|-4176;1401;2712|0;0;0|11.815292
913|33161|-4176;2668;3160|0;0;0|6.824116
914|33173|-4176;3678;3771|0;0;0|6.003529
915|33184|-4208;4821;2546|0;0;0|6.412352
916|33195|-4208;6128;-107|0;0;0|5.465292
917|33207|-4176;8128;402|0;0;0|12.679998
918|33218|-4208;8205;2995|0;0;0|24.421175
919|33230|-4176;8157;1976|0;0;0|23.012352
920|33266|-4176;6935;3506|0;0;0|34.435883
921|33278|-4176;7392;4300|0;0;0|32.218235
922|33289|-4208;8075;4255|0;0;0|27.597645
923|33301|-4176;7970;3322|0;0;0|23.394705
924|33312|-4176;6943;2327|0;0;0|21.003529
925|33324|-4176;5797;1775|0;0;0|19.347647
926|33335|-4176;4467;2115|0;0;0|19.615294
927|33347|-4208;3689;3999|0;0;0|24.197647
928|33358|-4208;3371;7577|0;0;0|32.506470
929|33370|-4176;3152;12983|0;0;0|41.629997
930|33382|-4208;2655;18345|0;0;0|47.650589
931|33393|-4176;2104;22822|0;0;0|50.668236
932|33429|-4208;2432;32767|0;0;0|51.230000
933|33441|-4208;3614;32767|0;0;0|49.712353
934|33453|-4208;5625;32767|0;0;0|49.635880
935|33464|-4240;8144;32767|0;0;0|55.009411
936|33476|-4176;10423;32767|0;0;0|66.188820
937|33488|-4176;12839;32767|0;0;0|80.762352
938|33500|-4208;13782;32767|0;0;0|92.082939
939|33511|-4240;13402;32767|0;0;0|98.479996
940|33523|-4208;12560;32767|0;0;0|102.441765
941|33535|-4176;12226;32767|0;0;0|107.097649
942|33547|-4240;11978;32767|0;0;0|110.285881
943|33559|-4208;12332;32767|0;0;0|110.438820
944|33596|-4208;14892;32767|0;0;0|93.215294
945|33607|-4176;14999;32767|0;0;0|88.794708
946|33619|-4208;14669;32767|0;0;0|86.524117
947|33631|-4208;14437;29615|0;0;0|86.903526
948|33642|-4208;13932;26391|0;0;0|87.382935
949|33654|-4208;13508;24472|0;0;0|87.574112
950|33666|-4240;12466;21979|0;0;0|89.018234
951|33678|-4208;10913;21482|0;0;0|89.050583
952|33689|-4208;9553;20178|0;0;0|86.462357
953|33701|-4208;8204;17446|0;0;0|81.982941
954|33713|-4208;6908;14158|0;0;0|76.338821
955|33749|-4176;2612;4486|0;0;0|61.450584
956|33761|-4208;1594;2967|0;0;0|57.912354
957|33773|-4208;909;2385|0;0;0|54.341763
958|33784|-4208;443;3003|0;0;0|51.435883
959|33796|-4208;-84;4343|0;0;0|49.247646
960|33807|-4208;-481;5538|0;0;0|48.641762
961|33819|-4208;-901;6527|0;0;0|49.053528
962|33830|-4144;-1238;7307|0;0;0|49.938824
963|33842|-4208;-1611;7694|0;0;0|50.632942
964|33853|-4176;-1999;6935|0;0;0|50.071175
965|33865|-4240;-2373;5342|0;0;0|48.627060
966|33877|-4176;-2540;3653|0;0;0|46.980000
967|33913|-4208;-3666;-160|0;0;0|40.359409
968|33925|-4208;-4372;-1045|0;0;0|38.597645
969|33937|-4208;-4721;-1893|0;0;0|37.847645
970|33949|-4176;-4587;-3457|0;0;0|37.382938
971|33960|-4176;-4010;-5307|0;0;0|36.627056
972|33972|-4208;-3043;-6892|0;0;0|35.132938
973|33984|-4208;-1883;-7530|0;0;0|32.518234
974|33995|-4208;-895;-7578|0;0;0|28.812351
975|34007|-4208;-158;-7573|0;0;0|24.700588
976|34019|-4208;230;-8023|0;0;0|21.524117
977|34030|-4208;278;-9333|0;0;0|19.965292
978|34042|-4208;280;-10549|0;0;0|20.171175
979|34079|-4208;1644;-13994|0;0;0|24.768234
980|34090|-4208;2099;-14638|0;0;0|25.977058
981|34102|-4208;2344;-14312|0;0;0|26.388823
982|34114|-4208;2365;-12803|0;0;0|25.685881
983|34126|-4208;2357;-10285|0;0;0|24.056469
984|34137|-4176;2317;-8096|0;0;0|22.182940
985|34149|-4208;2459;-6160|0;0;0|20.715294
986|34161|-4176;2720;-5084|0;0;0|20.212351
987|34172|-4208;2821;-5207|0;0;0|19.997646
988|34184|-4240;2764;-5735|0;0;0|19.803528
989|34196|-4176;2615;-5936|0;0;0|20.029999
990|34207|-4176;2500;-5955|0;0;0|21.344704
991|34243|-4176;2779;-5977|0;0;0|30.532940
992|34255|-4208;3158;-5982|0;0;0|34.606468
993|34267|-4208;3574;-5698|0;0;0|38.341763
994|34278|-4176;3870;-4940|0;0;0|40.971176
995|34290|-4208;3973;-3659|0;0;0|42.818233
996|34302|-4208;3761;-2299|0;0;0|43.482941
997|34313|-4208;3421;-1736|0;0;0|42.850586
998|34325|-4208;3136;-2136|0;0;0|41.162354
999|34337|-4208;2943;-3077|0;0;0|38.777058
1000|34348|-4208;2854;-3839|0;0;0|36.697647
1001|34360|-4240;2682;-4162|0;0;0|35.312351
1002|34372|-4208;2459;-4211|0;0;0|34.950588
1003|34408|-4208;2421;-2428|0;0;0|39.532940
1004|34420|-4208;2565;-1013|0;0;0|40.829998
1005|34431|-4208;2605;476|0;0;0|41.500587
1006|34443|-4176;2506;1335|0;0;0|41.329998
1007|34455|-4240;2189;1798|0;0;0|40.285881
1008|34466|-4208;1742;1984|0;0;0|38.697647
1009|34478|-4208;1186;2109|0;0;0|36.447647
1010|34489|-4176;751;2146|0;0;0|34.082939
1011|34501|-4208;666;1796|0;0;0|31.818233
1012|34513|-4208;657;1402|0;0;0|29.677057
1013|34524|-4240;482;1082|0;0;0|28.482941
1014|34536|-4208;213;1015|0;0;0|28.453529
1015|34572|-4208;-645;177|0;0;0|33.503529
1016|34583|-4208;-731;-201|0;0;0|35.218235
1017|34595|-4208;-830;-386|0;0;0|36.550587
1018|34607|-4208;-734;-548|0;0;0|37.582939
1019|34618|-4208;-678;-634|0;0;0|38.259411
1020|34630|-4240;-726;-538|0;0;0|38.615292
1021|34642|-4208;-898;-409|0;0;0|38.735882
1022|34653|-4208;-1058;-154|0;0;0|38.647644
1023|34665|-4208;-1251;40|0;0;0|38.312351
1024|34677|-4208;-1691;94|0;0;0|38.021175
1025|34688|-4208;-2213;61|0;0;0|37.824116
1026|34700|-4176;-2613;153|0;0;0|37.832939
1027|34736|-4176;-3863;1183|0;0;0|37.250587
1028|34748|-4176;-4008;1560|0;0;0|36.756470
1029|34759|-4208;-4013;2003|0;0;0|36.406471
1030|34771|-4176;-3955;2488|0;0;0|35.818233
1031|34783|-4208;-3692;2811|0;0;0|35.262352
1032|34794|-4176;-3184;2751|0;0;0|34.524117
1033|34806|-4208;-2653;2449|0;0;0|33.959412
1034|34818|-4176;-2207;1922|0;0;0|33.674118
1035|34830|-4176;-1931;1235|0;0;0|34.038822
1036|34841|-4176;-1607;519|0;0;0|35.003529
1037|34853|-4208;-1308;32|0;0;0|36.606468
1038|34865|-4176;-1037;-123|0;0;0|38.329998
1039|34901|-4208;-1050;-440|0;0;0|41.924118
1040|34913|-4208;-967;-348|0;0;0|41.988823
1041|34925|-4176;-742;-187|0;0;0|41.547646
1042|34936|-4208;-482;-94|0;0;0|41.253529
1043|34948|-4176;-163;-265|0;0;0|41.144707
1044|34960|-4208;31;-560|0;0;0|41.371174
1045|34971|-4208;75;-921|0;0;0|41.935883
1046|34983|-4208;-49;-1446|0;0;0|42.532940
1047|34994|-4208;-185;-1870|0;0;0|42.985882
1048|35006|-4208;-288;-1943|0;0;0|43.527058
1049|35018|-4240;-472;-1828|0;0;0|43.624115
1050|35029|-4208;-586;-1840|0;0;0|43.379997
1051|35066|-4208;-668;-2226|0;0;0|40.953529
1052|35078|-4208;-664;-2456|0;0;0|40.203529
1053|35090|-4208;-636;-2636|0;0;0|39.668236
1054|35101|-4208;-538;-2637|0;0;0|39.477058
1055|35113|-4176;-509;-2290|0;0;0|39.697647
1056|35125|-4208;-475;-1604|0;0;0|40.221176
1057|35137|-4208;-449;-738|0;0;0|40.844704
1058|35148|-4176;-395;174|0;0;0|41.368233
1059|35160|-4208;-344;991|0;0;0|41.538822
1060|35171|-4208;-213;1463|0;0;0|41.250587
1061|35183|-4208;-103;1685|0;0;0|40.709412
1062|35220|-4208;181;758|0;0;0|37.044704
1063|35231|-4208;278;587|0;0;0|36.309410
1064|35243|-4208;233;604|0;0;0|36.150585
1065|35254|-4240;149;962|0;0;0|36.388821
