0|10692|-4912;-193;-154|0;0;0|36.624115
1|10751|-4944;-380;-231|0;0;0|36.615292
2|10763|-4944;-241;-242|0;0;0|36.456470
3|10774|-4912;-100;-287|0;0;0|36.409412
4|10785|-4912;-22;-293|0;0;0|36.221176
5|10797|-4944;72;-315|0;0;0|36.106468
6|10808|-4944;85;-332|0;0;0|36.129997
7|10819|-4912;89;-346|0;0;0|36.144703
8|10830|-4912;6;-309|0;0;0|36.285881
9|10841|-4912;-45;-325|0;0;0|36.332939
10|10853|-4912;-119;-280|0;0;0|36.382938
11|10864|-4912;-219;-246|0;0;0|36.471176
12|10876|-4944;-210;-248|0;0;0|36.556469
13|10887|-4912;-209;-230|0;0;0|36.568233
14|10923|-4912;-95;-195|0;0;0|36.565292
15|10934|-4944;-47;-211|0;0;0|36.550587
16|10946|-4912;-65;-218|0;0;0|36.477058
17|10957|-4944;-104;-211|0;0;0|36.568233
18|10969|-4912;-130;-212|0;0;0|36.465294
19|10980|-4912;-171;-243|0;0;0|36.618233
20|10991|-4912;-210;-237|0;0;0|36.491764
21|11003|-4912;-229;-229|0;0;0|36.627056
22|11014|-4912;-195;-209|0;0;0|36.597645
23|11026|-4912;-121;-233|0;0;0|36.553528
24|11037|-4944;-104;-237|0;0;0|36.415295
25|11049|-4944;-75;-305|0;0;0|36.430000
26|11085|-4976;-35;-318|0;0;0|36.165295
27|11096|-4912;-96;-300|0;0;0|36.112350
28|11107|-4944;-175;-296|0;0;0|36.265293
29|11119|-4944;-231;-262|0;0;0|36.315292
30|11130|-4944;-297;-202|0;0;0|36.477058
31|11142|-4944;-311;-175|0;0;0|36.488823
32|11153|-4944;-277;-167|0;0;0|36.591763
33|11165|-4944;-212;-178|0;0;0|36.621174
34|11176|-4912;-143;-190|0;0;0|36.641762
35|11188|-4944;-62;-195|0;0;0|36.715294
36|11199|-4912;30;-174|0;0;0|36.744705
37|11210|-4944;78;-174|0;0;0|36.638821
38|11222|-4944;70;-217|0;0;0|36.724117
39|11258|-4944;-149;-230|0;0;0|36.706470
40|11269|-4944;-155;-279|0;0;0|36.303528
41|11281|-4944;-278;-328|0;0;0|36.318233
42|11292|-4944;-259;-355|0;0;0|36.153526
43|11304|-4912;-245;-382|0;0;0|36.032940
44|11315|-4912;-245;-377|0;0;0|36.079998
45|11327|-4912;-165;-352|0;0;0|35.879997
46|11338|-4912;-119;-341|0;0;0|36.079998
47|11350|-4944;-88;-277|0;0;0|36.224117
48|11361|-4912;-94;-261|0;0;0|36.347645
49|11372|-4944;-115;-210|0;0;0|36.430000
50|11384|-4944;-146;-173|0;0;0|36.638821
51|11420|-4944;-168;-142|0;0;0|36.794704
52|11432|-4944;-167;-112|0;0;0|36.903526
53|11443|-4912;-141;-123|0;0;0|36.882938
54|11455|-4880;-49;-142|0;0;0|36.915295
55|11466|-4944;-34;-153|0;0;0|36.635880
56|11478|-4912;-14;-200|0;0;0|36.615292
57|11489|-4912;-37;-256|0;0;0|36.400585
58|11500|-4944;-38;-297|0;0;0|36.271175
59|11512|-4880;-152;-383|0;0;0|36.112350
60|11523|-4912;-172;-409|0;0;0|36.009411
61|11535|-4944;-196;-435|0;0;0|36.015293
62|11546|-4912;-216;-406|0;0;0|35.982941
63|11558|-4912;-189;-366|0;0;0|36.065292
64|11594|-4944;-179;-226|0;0;0|36.347645
65|11606|-4912;-109;-188|0;0;0|36.562351
66|11617|-4944;-114;-151|0;0;0|36.706470
67|11628|-4912;-114;-156|0;0;0|36.782940
68|11640|-4944;-141;-171|0;0;0|36.712353
69|11651|-4944;-123;-163|0;0;0|36.724117
70|11663|-4944;-154;-165|0;0;0|36.950588
71|11674|-4880;-118;-146|0;0;0|36.935883
72|11686|-4944;-123;-97|0;0;0|36.791763
73|11697|-4944;-151;-174|0;0;0|36.821175
74|11709|-4912;-137;-185|0;0;0|36.568233
75|11720|-4912;-180;-212|0;0;0|36.650585
76|11757|-4912;-213;-397|0;0;0|36.297646
77|11768|-4912;-100;-390|0;0;0|35.859409
78|11780|-4912;-121;-391|0;0;0|36.103527
79|11791|-4912;-76;-356|0;0;0|36.068233
80|11802|-4944;-36;-316|0;0;0|36.091763
81|11814|-4944;-96;-308|0;0;0|36.321175
82|11825|-4944;-87;-255|0;0;0|36.327057
83|11836|-4912;-157;-249|0;0;0|36.371174
84|11848|-4944;-200;-208|0;0;0|36.485882
85|11859|-4912;-226;-205|0;0;0|36.609409
86|11871|-4912;-272;-185|0;0;0|36.738823
87|11882|-4944;-243;-183|0;0;0|36.659412
88|11894|-4944;-198;-164|0;0;0|36.762352
89|11930|-4944;-62;-147|0;0;0|36.700588
90|11941|-4944;-55;-198|0;0;0|36.591763
91|11953|-4944;-30;-222|0;0;0|36.556469
92|11964|-4912;-57;-257|0;0;0|36.471176
93|11975|-4912;-113;-283|0;0;0|36.497646
94|11987|-4912;-109;-315|0;0;0|36.256470
95|11998|-4944;-141;-318|0;0;0|36.253529
96|12010|-4912;-135;-344|0;0;0|36.188824
97|12021|-4912;-137;-325|0;0;0|36.218235
98|12033|-4944;-143;-299|0;0;0|36.238823
99|12044|-4912;-159;-289|0;0;0|36.238823
100|12056|-4944;-189;-273|0;0;0|36.221176
101|12067|-4944;-188;-290|0;0;0|36.329998
102|12103|-4944;-169;-245|0;0;0|36.515293
103|12115|-4944;-171;-243|0;0;0|36.385880
104|12126|-4912;-157;-229|0;0;0|36.441765
105|12138|-4944;-94;-191|0;0;0|36.606468
106|12149|-4944;-87;-143|0;0;0|36.665295
107|12161|-4944;-87;-134|0;0;0|36.632938
108|12172|-4944;-77;-118|0;0;0|36.721176
109|12184|-4912;-72;-154|0;0;0|36.700588
110|12195|-4944;-89;-156|0;0;0|36.738823
111|12207|-4944;-112;-171|0;0;0|36.600586
112|12218|-4944;-135;-224|0;0;0|36.665295
113|12230|-4944;-172;-257|0;0;0|36.547646
114|12266|-4944;-170;-279|0;0;0|36.329998
115|12277|-4944;-134;-330|0;0;0|36.241764
116|12289|-4944;-134;-353|0;0;0|36.238823
117|12301|-4912;-158;-333|0;0;0|36.100586
118|12312|-4976;-160;-361|0;0;0|36.071175
119|12324|-4912;-167;-373|0;0;0|36.153526
120|12335|-4912;-176;-338|0;0;0|36.218235
121|12347|-4944;-142;-284|0;0;0|36.206470
122|12358|-4912;-130;-288|0;0;0|36.379997
123|12370|-4944;-93;-199|0;0;0|36.529999
124|12381|-4944;-83;-151|0;0;0|36.612350
125|12393|-4944;-67;-145|0;0;0|36.759411
126|12429|-4912;-122;-148|0;0;0|36.856468
127|12440|-4944;-122;-171|0;0;0|36.750587
128|12452|-4912;-138;-166|0;0;0|36.712353
129|12464|-4944;-162;-175|0;0;0|36.674118
130|12475|-4912;-185;-224|0;0;0|36.600586
131|12487|-4912;-209;-235|0;0;0|36.535881
132|12498|-4912;-191;-272|0;0;0|36.341763
133|12510|-4944;-204;-313|0;0;0|36.197647
134|12521|-4944;-190;-353|0;0;0|36.197647
135|12533|-4944;-190;-359|0;0;0|36.097645
136|12544|-4912;-127;-409|0;0;0|36.027058
137|12556|-4912;-125;-403|0;0;0|36.029999
138|12593|-4912;-23;-296|0;0;0|36.365292
139|12604|-4912;-30;-268|0;0;0|36.494705
140|12616|-4912;-61;-201|0;0;0|36.544704
141|12627|-4912;-68;-153|0;0;0|36.747646
142|12639|-4912;-116;-137|0;0;0|36.721176
143|12650|-4944;-147;-130|0;0;0|36.897644
144|12662|-4944;-170;-117|0;0;0|36.768234
145|12673|-4912;-176;-141|0;0;0|36.877056
146|12685|-4880;-196;-141|0;0;0|36.829998
147|12696|-4944;-164;-170|0;0;0|36.732941
148|12708|-4944;-191;-184|0;0;0|36.671177
149|12719|-4944;-160;-198|0;0;0|36.474117
150|12731|-4912;-149;-261|0;0;0|36.424118
151|12768|-4912;-118;-359|0;0;0|36.129997
152|12779|-4944;-132;-366|0;0;0|36.094704
153|12791|-4944;-113;-366|0;0;0|36.035881
154|12802|-4912;-132;-372|0;0;0|36.247646
155|12814|-4944;-112;-330|0;0;0|36.247646
156|12826|-4912;-60;-283|0;0;0|36.212353
157|12837|-4944;-88;-277|0;0;0|36.391762
158|12848|-4912;-53;-257|0;0;0|36.435883
159|12860|-4912;-92;-188|0;0;0|36.615292
160|12871|-4944;-88;-188|0;0;0|36.609409
161|12883|-4944;-103;-147|0;0;0|36.659412
162|12894|-4912;-139;-135|0;0;0|36.768234
163|12931|-4944;-207;-144|0;0;0|36.750587
164|12943|-4944;-207;-169|0;0;0|36.650585
165|12954|-4944;-215;-203|0;0;0|36.644703
166|12966|-4912;-199;-205|0;0;0|36.574116
167|12977|-4912;-179;-262|0;0;0|36.400585
168|12989|-4912;-174;-314|0;0;0|36.232941
169|13000|-4944;-145;-309|0;0;0|36.306469
170|13012|-4944;-106;-337|0;0;0|36.291763
171|13024|-4912;-56;-361|0;0;0|36.141762
172|13035|-4944;-41;-345|0;0;0|36.188824
173|13047|-4912;-30;-348|0;0;0|36.221176
174|13058|-4880;-41;-329|0;0;0|36.268234
175|13095|-4912;-126;-256|0;0;0|36.418236
176|13106|-4944;-154;-199|0;0;0|36.471176
177|13118|-4944;-177;-205|0;0;0|36.547646
178|13129|-4944;-197;-163|0;0;0|36.638821
179|13141|-4944;-193;-145|0;0;0|36.609409
180|13152|-4944;-202;-165|0;0;0|36.771175
181|13164|-4944;-193;-129|0;0;0|36.688824
182|13176|-4912;-158;-144|0;0;0|36.674118
183|13187|-4912;-150;-171|0;0;0|36.732941
184|13199|-4944;-103;-172|0;0;0|36.647644
185|13210|-4912;-107;-221|0;0;0|36.562351
186|13222|-4912;-64;-257|0;0;0|36.547646
187|13258|-4944;-80;-328|0;0;0|36.274117
188|13269|-4944;-86;-328|0;0;0|36.291763
189|13281|-4912;-118;-346|0;0;0|36.115292
190|13292|-4944;-126;-355|0;0;0|36.177059
191|13304|-4912;-158;-315|0;0;0|36.177059
192|13315|-4944;-124;-289|0;0;0|36.262352
193|13327|-4912;-153;-292|0;0;0|36.315292
194|13338|-4944;-164;-274|0;0;0|36.353527
195|13350|-4944;-172;-227|0;0;0|36.377056
196|13362|-4912;-178;-200|0;0;0|36.568233
197|13373|-4944;-167;-184|0;0;0|36.579998
198|13385|-4912;-134;-158|0;0;0|36.644703
199|13396|-4912;-137;-160|0;0;0|36.750587
200|13432|-4944;-113;-156|0;0;0|36.712353
201|13444|-4912;-96;-182|0;0;0|36.600586
202|13455|-4912;-119;-212|0;0;0|36.624115
203|13467|-4912;-83;-253|0;0;0|36.512352
204|13478|-4912;-118;-270|0;0;0|36.365292
205|13490|-4944;-121;-278|0;0;0|36.338821
206|13502|-4944;-114;-331|0;0;0|36.332939
207|13513|-4944;-129;-334|0;0;0|36.177059
208|13525|-4912;-159;-336|0;0;0|36.162354
209|13536|-4944;-143;-343|0;0;0|36.180000
210|13548|-4944;-141;-323|0;0;0|36.188824
211|13559|-4944;-177;-317|0;0;0|36.232941
212|13595|-4912;-153;-224|0;0;0|36.512352
213|13607|-4912;-135;-204|0;0;0|36.532940
214|13619|-4944;-142;-183|0;0;0|36.609409
215|13630|-4912;-138;-136|0;0;0|36.724117
216|13642|-4944;-155;-147|0;0;0|36.718235
217|13653|-4912;-144;-165|0;0;0|36.777058
218|13665|-4912;-115;-174|0;0;0|36.694706
219|13676|-4944;-101;-175|0;0;0|36.688824
220|13688|-4912;-104;-199|0;0;0|36.547646
221|13699|-4912;-103;-212|0;0;0|36.524117
222|13711|-4944;-89;-253|0;0;0|36.432941
223|13723|-4944;-71;-295|0;0;0|36.312351
224|13758|-4944;-139;-301|0;0;0|36.227058
225|13770|-4912;-145;-316|0;0;0|36.150585
226|13782|-4912;-173;-304|0;0;0|36.159412
227|13793|-4944;-169;-313|0;0;0|36.277058
228|13805|-4944;-169;-285|0;0;0|36.268234
229|13816|-4912;-178;-284|0;0;0|36.291763
230|13828|-4912;-180;-253|0;0;0|36.379997
231|13839|-4944;-162;-235|0;0;0|36.544704
232|13851|-4912;-159;-217|0;0;0|36.529999
233|13863|-4912;-113;-180|0;0;0|36.550587
234|13874|-4944;-126;-198|0;0;0|36.629997
235|13886|-4912;-92;-220|0;0;0|36.647644
236|13922|-4944;-71;-215|0;0;0|36.591763
237|13934|-4944;-104;-187|0;0;0|36.588821
238|13945|-4944;-117;-221|0;0;0|36.562351
239|13957|-4912;-121;-262|0;0;0|36.456470
240|13968|-4912;-152;-275|0;0;0|36.329998
241|13980|-4912;-160;-305|0;0;0|36.282940
242|13991|-4912;-152;-315|0;0;0|36.312351
243|14003|-4912;-159;-315|0;0;0|36.227058
244|14015|-4912;-167;-306|0;0;0|36.279999
245|14026|-4912;-158;-352|0;0;0|36.218235
246|14038|-4912;-147;-297|0;0;0|36.256470
247|14049|-4944;-137;-303|0;0;0|36.238823
248|14061|-4912;-167;-287|0;0;0|36.282940
249|14097|-4912;-126;-218|0;0;0|36.297646
250|14109|-4912;-172;-221|0;0;0|36.750587
251|14121|-4912;-118;-166|0;0;0|36.515293
252|14132|-4912;-170;-160|0;0;0|36.706470
253|14144|-4944;-98;-187|0;0;0|36.694706
254|14155|-4912;-84;-187|0;0;0|36.765293
255|14167|-4912;-100;-161|0;0;0|36.750587
256|14178|-4912;-37;-213|0;0;0|36.435883
257|14190|-4944;-80;-279|0;0;0|36.574116
258|14201|-4912;-77;-232|0;0;0|36.430000
259|14213|-4944;-87;-260|0;0;0|36.300587
260|14224|-4944;-115;-336|0;0;0|36.309410
261|14261|-4912;-204;-339|0;0;0|36.274117
262|14272|-4912;-231;-265|0;0;0|36.300587
263|14284|-4912;-220;-295|0;0;0|36.206470
264|14295|-4912;-223;-276|0;0;0|36.300587
265|14307|-4912;-232;-246|0;0;0|36.482941
266|14319|-4912;-164;-246|0;0;0|36.394703
267|14330|-4912;-140;-229|0;0;0|36.571175
268|14342|-4912;-81;-176|0;0;0|36.547646
269|14353|-4944;-86;-171|0;0;0|36.680000
270|14365|-4912;-57;-168|0;0;0|36.638821
271|14376|-4912;-49;-159|0;0;0|36.665295
272|14388|-4912;-56;-192|0;0;0|36.585880
273|14424|-4944;-161;-238|0;0;0|36.527058
274|14436|-4912;-167;-289|0;0;0|36.447647
275|14447|-4912;-187;-277|0;0;0|36.318233
276|14459|-4912;-182;-300|0;0;0|36.397644
277|14470|-4912;-145;-294|0;0;0|36.227058
278|14482|-4944;-154;-301|0;0;0|36.177059
279|14494|-4976;-150;-298|0;0;0|36.215294
280|14505|-4944;-118;-298|0;0;0|36.194706
281|14517|-4880;-109;-299|0;0;0|36.277058
282|14528|-4944;-113;-303|0;0;0|36.327057
283|14540|-4944;-120;-277|0;0;0|36.371174
284|14551|-4944;-133;-227|0;0;0|36.503529
285|14587|-4912;-99;-167|0;0;0|36.715294
286|14599|-4912;-146;-170|0;0;0|36.680000
287|14610|-4944;-130;-179|0;0;0|36.582939
288|14622|-4912;-146;-215|0;0;0|36.671177
289|14634|-4944;-114;-201|0;0;0|36.515293
290|14645|-4944;-127;-200|0;0;0|36.503529
291|14657|-4912;-123;-258|0;0;0|36.485882
292|14668|-4944;-138;-256|0;0;0|36.391762
293|14680|-4912;-149;-268|0;0;0|36.388821
294|14691|-4944;-142;-299|0;0;0|36.365292
295|14703|-4912;-159;-262|0;0;0|36.277058
296|14715|-4944;-161;-280|0;0;0|36.371174
297|14726|-4912;-149;-297|0;0;0|36.371174
298|14762|-4944;-149;-270|0;0;0|36.282940
299|14774|-4912;-127;-255|0;0;0|36.418236
300|14785|-4912;-78;-210|0;0;0|36.535881
301|14797|-4912;-85;-217|0;0;0|36.544704
302|14808|-4912;-84;-195|0;0;0|36.591763
303|14820|-4912;-104;-201|0;0;0|36.579998
304|14831|-4944;-83;-201|0;0;0|36.532940
305|14843|-4944;-98;-205|0;0;0|36.685883
306|14854|-4944;-145;-210|0;0;0|36.591763
307|14866|-4912;-140;-224|0;0;0|36.527058
308|14877|-4912;-145;-240|0;0;0|36.521175
309|14889|-4944;-150;-221|0;0;0|36.447647
310|14925|-4912;-156;-274|0;0;0|36.309410
311|14936|-4880;-190;-281|0;0;0|36.379997
312|14948|-4912;-173;-287|0;0;0|36.368233
313|14960|-4912;-111;-274|0;0;0|36.209412
314|14971|-4944;-189;-290|0;0;0|36.482941
315|14983|-4944;-134;-280|0;0;0|36.385880
316|14994|-4944;-133;-262|0;0;0|36.300587
317|15006|-4912;-114;-278|0;0;0|36.341763
318|15017|-4944;-115;-267|0;0;0|36.477058
319|15029|-4912;-77;-186|0;0;0|36.415295
320|15040|-4912;-104;-237|0;0;0|36.488823
321|15052|-4912;-99;-184|0;0;0|36.618233
322|15088|-4944;-123;-180|0;0;0|36.680000
323|15100|-4912;-139;-150|0;0;0|36.597645
324|15111|-4944;-150;-229|0;0;0|36.588821
325|15123|-4944;-148;-221|0;0;0|36.644703
326|15134|-4944;-126;-196|0;0;0|36.406471
327|15146|-4976;-144;-263|0;0;0|36.485882
328|15157|-4944;-151;-267|0;0;0|36.421177
329|15169|-4912;-164;-249|0;0;0|36.388821
330|15181|-4944;-141;-311|0;0;0|36.312351
331|15192|-4912;-156;-317|0;0;0|36.374115
332|15204|-4944;-147;-294|0;0;0|36.259411
333|15215|-4944;-133;-298|0;0;0|36.203529
334|15252|-4912;-120;-292|0;0;0|36.365292
335|15263|-4912;-102;-264|0;0;0|36.362350
336|15275|-4912;-95;-228|0;0;0|36.497646
337|15286|-4912;-89;-235|0;0;0|36.494705
338|15298|-4944;-62;-205|0;0;0|36.668236
339|15309|-4912;-80;-188|0;0;0|36.529999
340|15321|-4944;-102;-175|0;0;0|36.603527
341|15332|-4944;-115;-132|0;0;0|36.659412
342|15344|-4912;-125;-166|0;0;0|36.638821
343|15356|-4912;-155;-156|0;0;0|36.682941
344|15367|-4944;-186;-182|0;0;0|36.685883
345|15379|-4912;-168;-216|0;0;0|36.553528
346|15390|-4944;-187;-240|0;0;0|36.477058
347|15427|-4912;-95;-292|0;0;0|36.235882
348|15438|-4912;-79;-327|0;0;0|36.191765
349|15450|-4912;-83;-321|0;0;0|36.188824
350|15461|-4944;-115;-360|0;0;0|36.180000
351|15473|-4912;-135;-346|0;0;0|36.197647
352|15484|-4944;-144;-315|0;0;0|36.177059
353|15496|-4912;-172;-319|0;0;0|36.203529
354|15508|-4912;-153;-283|0;0;0|36.303528
355|15519|-4912;-165;-277|0;0;0|36.353527
356|15531|-4944;-137;-201|0;0;0|36.527058
357|15542|-4912;-132;-205|0;0;0|36.644703
358|15554|-4912;-118;-179|0;0;0|36.618233
359|15590|-4912;-102;-218|0;0;0|36.674118
360|15602|-4944;-109;-214|0;0;0|36.656471
361|15614|-4944;-124;-209|0;0;0|36.532940
362|15625|-4944;-125;-244|0;0;0|36.532940
363|15637|-4944;-142;-266|0;0;0|36.509411
364|15648|-4912;-170;-232|0;0;0|36.632938
365|15660|-4912;-146;-238|0;0;0|36.385880
366|15671|-4912;-170;-262|0;0;0|36.415295
367|15683|-4912;-137;-295|0;0;0|36.274117
368|15695|-4912;-139;-342|0;0;0|36.277058
369|15706|-4912;-108;-331|0;0;0|36.227058
370|15718|-4912;-80;-309|0;0;0|36.121174
371|15754|-4944;-127;-256|0;0;0|36.332939
372|15766|-4944;-137;-248|0;0;0|36.468235
373|15777|-4944;-128;-186|0;0;0|36.597645
374|15789|-4912;-141;-165|0;0;0|36.500587
375|15800|-4912;-178;-195|0;0;0|36.650585
376|15812|-4912;-194;-155|0;0;0|36.750587
377|15824|-4944;-170;-182|0;0;0|36.612350
378|15835|-4912;-145;-217|0;0;0|36.706470
379|15847|-4912;-110;-190|0;0;0|36.629997
380|15858|-4944;-66;-178|0;0;0|36.550587
381|15870|-4912;-53;-226|0;0;0|36.550587
382|15881|-4944;-23;-216|0;0;0|36.559410
383|15917|-4880;-130;-307|0;0;0|36.277058
384|15929|-4912;-180;-282|0;0;0|36.185883
385|15940|-4944;-249;-338|0;0;0|36.203529
386|15952|-4912;-233;-305|0;0;0|36.218235
387|15963|-4944;-234;-299|0;0;0|36.271175
388|15975|-4944;-221;-303|0;0;0|36.324116
389|15987|-4944;-154;-264|0;0;0|36.303528
390|15998|-4912;-118;-267|0;0;0|36.356468
391|16010|-4912;-80;-247|0;0;0|36.477058
392|16021|-4912;-65;-205|0;0;0|36.529999
393|16033|-4912;-39;-206|0;0;0|36.627056
394|16044|-4944;-56;-210|0;0;0|36.629997
395|16056|-4944;-74;-195|0;0;0|36.585880
396|16092|-4944;-156;-162|0;0;0|36.671177
397|16103|-4944;-181;-187|0;0;0|36.694706
398|16115|-4944;-172;-219|0;0;0|36.594704
399|16126|-4912;-151;-251|0;0;0|36.535881
400|16138|-4944;-138;-283|0;0;0|36.444706
401|16149|-4912;-121;-296|0;0;0|36.347645
402|16161|-4944;-119;-289|0;0;0|36.244705
403|16173|-4944;-101;-297|0;0;0|36.206470
404|16184|-4976;-117;-293|0;0;0|36.074116
405|16196|-4912;-164;-339|0;0;0|36.368233
406|16207|-4912;-131;-282|0;0;0|36.244705
407|16219|-4912;-181;-302|0;0;0|36.362350
408|16255|-4944;-136;-227|0;0;0|36.529999
409|16266|-4912;-126;-244|0;0;0|36.562351
410|16278|-4944;-119;-237|0;0;0|36.603527
411|16290|-4912;-88;-205|0;0;0|36.585880
412|16301|-4944;-55;-185|0;0;0|36.509411
413|16312|-4944;-133;-230|0;0;0|36.721176
414|16324|-4944;-90;-167|0;0;0|36.615292
415|16336|-4912;-136;-205|0;0;0|36.718235
416|16347|-4976;-125;-211|0;0;0|36.579998
417|16359|-4944;-164;-218|0;0;0|36.668236
418|16370|-4912;-148;-218|0;0;0|36.424118
419|16382|-4880;-200;-292|0;0;0|36.612350
420|16418|-4880;-120;-319|0;0;0|36.344704
421|16429|-4912;-151;-282|0;0;0|36.274117
422|16441|-4944;-133;-311|0;0;0|36.221176
423|16452|-4912;-92;-292|0;0;0|36.215294
424|16464|-4912;-113;-294|0;0;0|36.291763
425|16476|-4912;-127;-316|0;0;0|36.277058
426|16487|-4944;-121;-261|0;0;0|36.347645
427|16499|-4912;-126;-269|0;0;0|36.468235
428|16510|-4944;-136;-255|0;0;0|36.462353
429|16522|-4944;-141;-233|0;0;0|36.559410
430|16533|-4912;-141;-213|0;0;0|36.691765
431|16545|-4944;-119;-184|0;0;0|36.568233
432|16582|-4912;-103;-197|0;0;0|36.571175
433|16593|-4912;-122;-200|0;0;0|36.606468
434|16605|-4944;-123;-190|0;0;0|36.603527
435|16616|-4912;-122;-199|0;0;0|36.521175
436|16628|-4912;-123;-240|0;0;0|36.421177
437|16639|-4944;-153;-246|0;0;0|36.459412
438|16651|-4944;-150;-284|0;0;0|36.371174
439|16663|-4912;-145;-285|0;0;0|36.359409
440|16674|-4912;-157;-304|0;0;0|36.309410
441|16686|-4944;-160;-317|0;0;0|36.235882
442|16697|-4912;-124;-329|0;0;0|36.162354
443|16709|-4944;-127;-323|0;0;0|36.274117
444|16720|-4912;-95;-325|0;0;0|36.241764
445|16757|-4944;-82;-243|0;0;0|36.406471
446|16768|-4944;-116;-228|0;0;0|36.532940
447|16780|-4912;-126;-198|0;0;0|36.615292
448|16791|-4944;-166;-178|0;0;0|36.647644
449|16803|-4912;-173;-148|0;0;0|36.765293
450|16815|-4944;-188;-178|0;0;0|36.724117
451|16826|-4912;-208;-190|0;0;0|36.791763
452|16838|-4912;-158;-176|0;0;0|36.735882
453|16849|-4944;-170;-205|0;0;0|36.718235
454|16861|-4944;-121;-195|0;0;0|36.656471
455|16872|-4944;-99;-224|0;0;0|36.562351
456|16884|-4912;-65;-246|0;0;0|36.494705
457|16920|-4912;-91;-314|0;0;0|36.250587
458|16932|-4912;-111;-302|0;0;0|36.259411
459|16943|-4912;-131;-304|0;0;0|36.262352
460|16955|-4912;-169;-344|0;0;0|36.235882
461|16967|-4944;-197;-311|0;0;0|36.256470
462|16978|-4912;-193;-294|0;0;0|36.291763
463|16990|-4912;-196;-266|0;0;0|36.300587
464|17001|-4912;-159;-246|0;0;0|36.415295
465|17013|-4912;-175;-222|0;0;0|36.450588
466|17024|-4912;-150;-206|0;0;0|36.627056
467|17036|-4944;-132;-186|0;0;0|36.638821
468|17048|-4912;-138;-169|0;0;0|36.674118
469|17084|-4912;-103;-163|0;0;0|36.682941
470|17096|-4944;-133;-212|0;0;0|36.659412
471|17107|-4912;-128;-232|0;0;0|36.456470
472|17119|-4912;-123;-230|0;0;0|36.494705
473|17130|-4912;-103;-278|0;0;0|36.482941
474|17142|-4912;-100;-287|0;0;0|36.294704
475|17154|-4944;-99;-332|0;0;0|36.318233
476|17165|-4912;-111;-335|0;0;0|36.200588
477|17177|-4912;-120;-344|0;0;0|36.206470
478|17188|-4912;-155;-324|0;0;0|36.197647
479|17200|-4944;-153;-312|0;0;0|36.185883
480|17211|-4944;-163;-291|0;0;0|36.221176
481|17247|-4912;-174;-228|0;0;0|36.535881
482|17259|-4912;-144;-215|0;0;0|36.474117
483|17270|-4944;-165;-185|0;0;0|36.697647
484|17282|-4912;-120;-180|0;0;0|36.709412
485|17294|-4944;-94;-175|0;0;0|36.785881
486|17305|-4912;-93;-165|0;0;0|36.703529
487|17317|-4944;-60;-176|0;0;0|36.700588
488|17328|-4912;-78;-205|0;0;0|36.662354
489|17339|-4912;-84;-225|0;0;0|36.553528
490|17351|-4912;-111;-253|0;0;0|36.541763
491|17363|-4944;-126;-270|0;0;0|36.397644
492|17374|-4912;-163;-297|0;0;0|36.371174
493|17386|-4944;-171;-298|0;0;0|36.315292
494|17422|-4944;-180;-316|0;0;0|36.327057
495|17433|-4912;-150;-300|0;0;0|36.227058
496|17445|-4944;-136;-288|0;0;0|36.341763
497|17456|-4912;-130;-252|0;0;0|36.338821
498|17468|-4912;-151;-233|0;0;0|36.444706
499|17480|-4944;-132;-239|0;0;0|36.427059
500|17491|-4944;-131;-221|0;0;0|36.582939
501|17503|-4944;-121;-220|0;0;0|36.582939
502|17514|-4912;-121;-196|0;0;0|36.627056
503|17526|-4976;-125;-191|0;0;0|36.629997
504|17537|-4912;-112;-187|0;0;0|36.618233
505|17549|-4944;-132;-178|0;0;0|36.629997
506|17585|-4912;-120;-233|0;0;0|36.524117
507|17596|-4944;-153;-265|0;0;0|36.438824
508|17608|-4944;-134;-263|0;0;0|36.321175
509|17620|-4912;-131;-282|0;0;0|36.259411
510|17631|-4944;-131;-274|0;0;0|36.341763
511|17643|-4912;-155;-280|0;0;0|36.300587
512|17654|-4912;-155;-304|0;0;0|36.312351
513|17666|-4912;-124;-297|0;0;0|36.356468
514|17677|-4944;-152;-272|0;0;0|36.338821
515|17689|-4912;-132;-278|0;0;0|36.485882
516|17701|-4912;-132;-257|0;0;0|36.406471
517|17712|-4944;-145;-264|0;0;0|36.430000
518|17748|-4912;-122;-209|0;0;0|36.547646
519|17760|-4944;-89;-206|0;0;0|36.488823
520|17771|-4912;-89;-209|0;0;0|36.562351
521|17783|-4912;-116;-193|0;0;0|36.594704
522|17794|-4912;-104;-187|0;0;0|36.591763
523|17806|-4880;-98;-203|0;0;0|36.553528
524|17817|-4912;-124;-207|0;0;0|36.550587
525|17829|-4912;-148;-262|0;0;0|36.462353
526|17840|-4912;-163;-233|0;0;0|36.535881
527|17852|-4944;-142;-274|0;0;0|36.371174
528|17864|-4912;-130;-258|0;0;0|36.432941
529|17875|-4912;-115;-253|0;0;0|36.332939
530|17912|-4944;-126;-297|0;0;0|36.324116
531|17923|-4944;-140;-281|0;0;0|36.374115
532|17935|-4912;-145;-265|0;0;0|36.377056
533|17946|-4912;-170;-263|0;0;0|36.329998
534|17958|-4944;-147;-276|0;0;0|36.359409
535|17970|-4912;-155;-272|0;0;0|36.459412
536|17981|-4944;-125;-244|0;0;0|36.494705
537|17993|-4912;-103;-209|0;0;0|36.453529
538|18004|-4912;-97;-208|0;0;0|36.435883
539|18016|-4912;-88;-183|0;0;0|36.553528
540|18027|-4880;-80;-215|0;0;0|36.565292
541|18039|-4912;-96;-203|0;0;0|36.615292
542|18050|-4944;-113;-198|0;0;0|36.638821
543|18087|-4912;-158;-258|0;0;0|36.471176
544|18098|-4944;-177;-276|0;0;0|36.421177
545|18110|-4944;-180;-286|0;0;0|36.382938
546|18121|-4912;-166;-260|0;0;0|36.421177
547|18133|-4912;-169;-263|0;0;0|36.385880
548|18145|-4944;-151;-264|0;0;0|36.382938
549|18156|-4944;-153;-262|0;0;0|36.329998
550|18168|-4912;-136;-295|0;0;0|36.309410
551|18179|-4912;-82;-294|0;0;0|36.306469
552|18191|-4944;-87;-288|0;0;0|36.318233
553|18202|-4912;-117;-259|0;0;0|36.474117
554|18214|-4912;-100;-238|0;0;0|36.421177
555|18250|-4944;-108;-186|0;0;0|36.597645
556|18262|-4912;-116;-191|0;0;0|36.582939
557|18274|-4912;-118;-177|0;0;0|36.582939
558|18285|-4912;-146;-193|0;0;0|36.665295
559|18297|-4912;-168;-230|0;0;0|36.535881
560|18308|-4912;-172;-226|0;0;0|36.606468
561|18320|-4912;-123;-230|0;0;0|36.471176
562|18331|-4944;-129;-237|0;0;0|36.415295
563|18343|-4912;-142;-288|0;0;0|36.529999
564|18355|-4944;-104;-263|0;0;0|36.400585
565|18366|-4944;-116;-248|0;0;0|36.274117
566|18378|-4912;-162;-278|0;0;0|36.453529
