0|13948|-4880;-321;-288|0;0;0|36.956470
1|14011|-4880;-506;-325|0;0;0|37.374115
2|14022|-4880;-492;-384|0;0;0|37.309410
3|14034|-4880;-458;-416|0;0;0|37.318233
4|14045|-4880;-419;-401|0;0;0|37.230000
5|14056|-4880;-358;-340|0;0;0|37.224117
6|14068|-4848;-321;-262|0;0;0|37.100586
7|14079|-4848;-233;-216|0;0;0|37.082939
8|14090|-4880;-182;-213|0;0;0|36.912354
9|14102|-4880;-177;-218|0;0;0|36.809410
10|14113|-4880;-103;-197|0;0;0|36.703529
11|14125|-4880;-52;-181|0;0;0|36.494705
12|14136|-4848;-31;-166|0;0;0|36.256470
13|14172|-4880;-83;-51|0;0;0|36.282940
14|14184|-4848;-139;-35|0;0;0|36.309410
15|14195|-4848;-186;-77|0;0;0|36.418236
16|14206|-4880;-230;-101|0;0;0|36.524117
17|14218|-4848;-255;-136|0;0;0|36.627056
18|14229|-4880;-240;-75|0;0;0|36.618233
19|14241|-4848;-263;-111|0;0;0|36.680000
20|14252|-4848;-321;-198|0;0;0|36.888821
21|14264|-4848;-394;-231|0;0;0|36.930000
22|14275|-4848;-411;-301|0;0;0|37.091763
23|14287|-4848;-390;-269|0;0;0|37.021175
24|14298|-4848;-342;-242|0;0;0|37.177059
25|14310|-4880;-277;-188|0;0;0|37.297646
26|14346|-4880;-153;-102|0;0;0|37.159412
27|14358|-4880;-61;29|0;0;0|37.012352
28|14369|-4880;118;127|0;0;0|36.688824
29|14380|-4880;214;188|0;0;0|36.594704
30|14391|-4880;349;206|0;0;0|36.421177
31|14403|-4880;469;248|0;0;0|36.379997
32|14414|-4880;560;281|0;0;0|36.385880
33|14425|-4880;693;333|0;0;0|36.150585
34|14436|-4848;865;272|0;0;0|35.677059
35|14448|-4880;937;317|0;0;0|35.727058
36|14459|-4848;999;397|0;0;0|35.721176
37|14470|-4848;1024;550|0;0;0|35.885880
38|14482|-4848;1064;761|0;0;0|35.944706
39|14518|-4880;1070;595|0;0;0|36.159412
40|14529|-4848;1066;582|0;0;0|36.574116
41|14541|-4880;1115;502|0;0;0|36.909412
42|14552|-4848;1166;387|0;0;0|37.074116
43|14563|-4880;1148;341|0;0;0|37.362350
44|14575|-4880;1186;465|0;0;0|37.515293
45|14586|-4848;1212;581|0;0;0|37.585880
46|14597|-4848;1237;673|0;0;0|37.553528
47|14609|-4880;1286;781|0;0;0|37.591763
48|14620|-4848;1359;886|0;0;0|37.282940
49|14631|-4848;1546;835|0;0;0|36.935883
50|14643|-4848;1819;733|0;0;0|36.406471
51|14654|-4848;2189;439|0;0;0|35.874115
52|14691|-4880;3304;-678|0;0;0|36.127056
53|14702|-4880;3543;-1068|0;0;0|36.174118
54|14714|-4848;3871;-1393|0;0;0|36.065292
55|14725|-4848;4122;-1779|0;0;0|35.615292
56|14737|-4880;4340;-2085|0;0;0|34.853527
57|14748|-4848;4616;-1993|0;0;0|34.200588
58|14760|-4848;5006;-1694|0;0;0|33.444706
59|14771|-4848;5507;-1707|0;0;0|32.541763
60|14783|-4880;6182;-2141|0;0;0|31.194704
61|14795|-4880;7020;-2932|0;0;0|29.650587
62|14806|-4848;7682;-3841|0;0;0|28.403528
63|14818|-4880;8334;-4686|0;0;0|27.447647
64|14854|-4880;9932;-8100|0;0;0|23.153528
65|14865|-4880;10667;-8362|0;0;0|21.765293
66|14877|-4880;11098;-8049|0;0;0|21.682940
67|14889|-4848;11406;-7555|0;0;0|22.456470
68|14900|-4848;11864;-7416|0;0;0|22.359409
69|14912|-4880;12549;-7648|0;0;0|20.782940
70|14924|-4848;12935;-8186|0;0;0|18.927057
71|14935|-4848;13678;-8610|0;0;0|18.368235
72|14947|-4848;14532;-9263|0;0;0|18.512352
73|14959|-4880;15727;-10204|0;0;0|18.668234
74|14970|-4880;16958;-11539|0;0;0|19.403528
75|14982|-4848;17982;-13165|0;0;0|20.918234
76|15018|-4816;18055;-17320|0;0;0|24.412352
77|15030|-4848;17137;-17707|0;0;0|24.682940
78|15042|-4848;16135;-16547|0;0;0|24.209412
79|15053|-4848;14805;-14617|0;0;0|23.118233
80|15065|-4880;13076;-12857|0;0;0|20.815292
81|15077|-4848;11287;-12057|0;0;0|17.888823
82|15089|-4848;9291;-12091|0;0;0|15.185881
83|15100|-4880;7293;-11286|0;0;0|16.268234
84|15112|-4880;5393;-8544|0;0;0|19.877058
85|15123|-4880;4876;-3629|0;0;0|24.324116
86|15135|-4848;3941;1050|0;0;0|25.629999
87|15147|-4848;1918;1348|0;0;0|18.212351
88|15182|-4880;-2641;-4522|0;0;0|-2.240589
89|15194|-4880;-2258;-2359|0;0;0|4.065292
90|15206|-4880;-1052;-519|0;0;0|8.594706
91|15217|-4880;737;562|0;0;0|9.274117
92|15228|-4816;2902;1505|0;0;0|7.447645
93|15240|-4848;4633;998|0;0;0|3.621174
94|15251|-4848;5667;255|0;0;0|-0.840588
95|15262|-4848;6290;40|0;0;0|-3.949413
96|15274|-4880;6877;105|0;0;0|-5.364120
97|15285|-4880;7185;-580|0;0;0|-6.417061
98|15296|-4848;6481;924|0;0;0|-2.331764
99|15308|-4848;5676;2550|0;0;0|2.194706
100|15343|-4880;2143;1538|0;0;0|10.159410
101|15355|-4880;811;1464|0;0;0|14.815292
102|15366|-4848;-162;1848|0;0;0|20.771175
103|15378|-4848;-825;2411|0;0;0|26.874117
104|15390|-4880;-1041;2794|0;0;0|31.397646
105|15401|-4848;-957;3144|0;0;0|33.891762
106|15413|-4880;-822;3129|0;0;0|34.785881
107|15424|-4848;137;3563|0;0;0|34.303528
108|15436|-4848;1052;5980|0;0;0|35.971176
109|15447|-4848;1113;7335|0;0;0|35.250587
110|15459|-4816;884;6033|0;0;0|28.915293
111|15470|-4880;1008;4430|0;0;0|21.671175
112|15482|-4848;1264;4351|0;0;0|20.335880
113|15519|-4848;789;5232|0;0;0|29.629999
114|15530|-4880;190;4217|0;0;0|32.174118
115|15542|-4848;304;3617|0;0;0|36.338821
116|15553|-4848;896;2590|0;0;0|39.091763
117|15565|-4848;1671;2865|0;0;0|40.753529
118|15576|-4848;2390;3030|0;0;0|40.703529
119|15588|-4848;2388;2530|0;0;0|38.006470
120|15599|-4848;1826;2403|0;0;0|34.659412
121|15611|-4848;1407;2373|0;0;0|31.665293
122|15622|-4848;1697;2806|0;0;0|30.341763
123|15634|-4880;2298;3096|0;0;0|30.935881
124|15646|-4848;2842;3113|0;0;0|32.388821
125|15682|-4880;3900;1126|0;0;0|33.027058
126|15694|-4848;4068;970|0;0;0|31.044704
127|15705|-4848;4251;963|0;0;0|28.659410
128|15717|-4848;4117;1777|0;0;0|28.388823
129|15728|-4848;3265;3020|0;0;0|28.865294
130|15740|-4880;1603;3497|0;0;0|28.359409
131|15751|-4848;179;4273|0;0;0|29.315292
132|15763|-4848;-1034;5221|0;0;0|30.927057
133|15775|-4880;-2080;5193|0;0;0|30.403528
134|15786|-4880;-2936;4559|0;0;0|29.079998
135|15798|-4848;-3330;4046|0;0;0|29.024117
136|15809|-4848;-3551;3419|0;0;0|31.179998
137|15846|-4816;-6154;3586|0;0;0|45.247646
138|15858|-4848;-6560;2058|0;0;0|45.838821
139|15869|-4848;-6430;662|0;0;0|46.491764
140|15881|-4848;-5462;-1199|0;0;0|46.291763
141|15893|-4848;-4042;-2886|0;0;0|45.932938
142|15905|-4848;-3560;-3476|0;0;0|46.897644
143|15916|-4848;-4009;-3941|0;0;0|47.759411
144|15928|-4880;-4976;-4470|0;0;0|48.577057
145|15940|-4880;-5724;-3786|0;0;0|50.482941
146|15951|-4848;-5638;-4041|0;0;0|49.968235
147|15963|-4848;-4840;-3428|0;0;0|49.547646
148|15975|-4848;-4356;-3324|0;0;0|49.115292
149|16012|-4848;-3698;-3640|0;0;0|49.430000
150|16023|-4880;-4081;-3553|0;0;0|48.203529
151|16035|-4848;-5013;-3623|0;0;0|47.115292
152|16047|-4848;-6603;-3534|0;0;0|48.088821
153|16059|-4848;-8667;-1485|0;0;0|50.982941
154|16070|-4848;-9930;-1448|0;0;0|51.450588
155|16082|-4848;-10598;-232|0;0;0|56.209412
156|16094|-4848;-11884;-156|0;0;0|56.218235
157|16106|-4848;-12788;-473|0;0;0|55.318233
158|16117|-4880;-13377;-358|0;0;0|55.344704
159|16129|-4848;-14457;700|0;0;0|58.577057
160|16141|-4880;-16201;1472|0;0;0|61.735882
161|16177|-4848;-30517;8443|0;0;0|64.465294
162|16189|-4848;-16692;9175|0;0;0|44.165291
163|16200|-4848;-2472;-12437|0;0;0|23.847645
164|16212|-4880;10501;-11411|0;0;0|47.806469
165|16224|-4848;4450;-4708|0;0;0|54.371178
166|16236|-4880;-670;-3883|0;0;0|38.588821
167|16247|-4848;-1150;-3391|0;0;0|23.041763
168|16259|-4880;-642;-694|0;0;0|24.956470
169|16271|-4848;315;3399|0;0;0|34.647644
170|16282|-4880;221;7040|0;0;0|42.427059
171|16294|-4848;-1284;6551|0;0;0|43.947647
172|16330|-4848;-5170;3999|0;0;0|40.056469
173|16341|-4848;-6653;2085|0;0;0|42.503529
174|16353|-4880;-6071;2470|0;0;0|49.953529
175|16365|-4880;-6196;2279|0;0;0|52.753529
176|16376|-4880;-5762;3210|0;0;0|56.703529
177|16388|-4848;-4910;4550|0;0;0|58.874115
178|16400|-4848;-3450;6117|0;0;0|57.703529
179|16411|-4880;-1439;7218|0;0;0|54.459412
180|16423|-4848;661;7218|0;0;0|48.212353
181|16435|-4848;2393;6310|0;0;0|41.559410
182|16446|-4880;4067;5046|0;0;0|37.135880
183|16458|-4880;5532;4067|0;0;0|37.103527
184|16494|-4880;6299;6531|0;0;0|46.930000
185|16505|-4848;5344;7093|0;0;0|48.535881
186|16517|-4848;3978;8073|0;0;0|49.482941
187|16528|-4848;2512;9313|0;0;0|50.832939
188|16540|-4880;1390;10719|0;0;0|51.932938
189|16552|-4880;205;12587|0;0;0|53.482941
190|16563|-4880;-908;14483|0;0;0|55.044704
191|16575|-4880;-1544;14288|0;0;0|54.885880
192|16587|-4880;-1965;10838|0;0;0|51.329998
193|16598|-4880;-2369;6532|0;0;0|44.912354
194|16610|-4848;-2293;3428|0;0;0|38.991764
195|16622|-4880;-1624;1704|0;0;0|35.447647
196|16658|-4880;1658;-1193|0;0;0|28.488823
197|16669|-4880;2489;-2482|0;0;0|25.627058
198|16681|-4880;2965;-4421|0;0;0|23.006470
199|16693|-4880;3141;-6607|0;0;0|20.877058
200|16704|-4816;3022;-8565|0;0;0|19.091763
201|16716|-4848;2606;-10264|0;0;0|17.188822
202|16728|-4848;1789;-11701|0;0;0|15.579998
203|16739|-4880;922;-13522|0;0;0|14.450586
204|16751|-4880;489;-15188|0;0;0|13.538822
205|16763|-4848;-105;-16756|0;0;0|12.488823
206|16774|-4880;-1037;-17467|0;0;0|14.265293
207|16786|-4880;-1688;-16739|0;0;0|20.685881
208|16823|-4848;-1095;-7169|0;0;0|48.182938
209|16835|-4848;-655;-5369|0;0;0|52.371174
210|16847|-4848;-2068;-4997|0;0;0|54.353531
211|16858|-4848;-4672;-6515|0;0;0|52.938820
212|16870|-4848;-6766;-10146|0;0;0|47.788822
213|16882|-4880;-7466;-12568|0;0;0|42.159409
214|16894|-4880;-7582;-12597|0;0;0|38.371174
215|16906|-4848;-8012;-11168|0;0;0|36.965294
216|16918|-4880;-8270;-7697|0;0;0|38.224117
217|16929|-4880;-8071;-4180|0;0;0|42.515293
218|16941|-4880;-6972;419|0;0;0|50.006470
219|16953|-4848;-5343;5302|0;0;0|56.538822
220|16989|-4880;-3517;11249|0;0;0|50.950588
221|17001|-4880;-3305;10800|0;0;0|44.680000
222|17013|-4848;-3946;8067|0;0;0|42.324116
223|17024|-4880;-4967;5812|0;0;0|43.677059
224|17036|-4848;-5847;5008|0;0;0|48.518234
225|17048|-4848;-6384;6016|0;0;0|54.930000
226|17059|-4880;-7259;8123|0;0;0|61.135880
227|17071|-4880;-8317;9722|0;0;0|65.285881
228|17083|-4848;-9423;11644|0;0;0|69.412354
229|17094|-4848;-10605;13703|0;0;0|73.697647
230|17106|-4880;-11436;16415|0;0;0|81.406471
231|17143|-4848;-12446;17901|0;0;0|94.756470
232|17155|-4848;-9622;19133|0;0;0|81.253525
233|17167|-4848;-5622;16812|0;0;0|59.918236
234|17178|-4848;-2789;12644|0;0;0|38.594704
235|17190|-4848;-2227;7752|0;0;0|22.647646
236|17202|-4880;-2561;5140|0;0;0|15.194704
237|17214|-4848;-2780;1723|0;0;0|12.335880
238|17225|-4880;-3876;-52|0;0;0|11.200586
239|17237|-4848;-4751;1893|0;0;0|10.347647
240|17248|-4880;-5138;3436|0;0;0|12.235882
241|17260|-4880;-7419;6068|0;0;0|14.724117
242|17272|-4880;-10711;6002|0;0;0|16.094706
243|17308|-4848;-15198;7672|0;0;0|32.771175
244|17320|-4880;-14468;9444|0;0;0|36.612350
245|17332|-4880;-12503;10981|0;0;0|37.306469
246|17344|-4880;-9400;12623|0;0;0|37.153526
247|17356|-4880;-5889;10777|0;0;0|35.238823
248|17367|-4880;-2257;5277|0;0;0|31.218235
249|17379|-4848;2307;-1716|0;0;0|26.347645
250|17391|-4880;5197;-6833|0;0;0|23.544704
251|17402|-4848;6987;-10090|0;0;0|22.059410
252|17414|-4848;7321;-10346|0;0;0|22.812351
253|17426|-4848;7063;-10153|0;0;0|24.794704
254|17437|-4880;7115;-8825|0;0;0|28.050587
255|17474|-4880;6868;2487|0;0;0|37.106468
256|17485|-4880;4524;3762|0;0;0|36.053528
257|17497|-4816;2022;2650|0;0;0|33.756470
258|17508|-4880;80;-174|0;0;0|31.559410
259|17520|-4880;-913;-3457|0;0;0|31.718235
260|17531|-4848;-955;-6361|0;0;0|34.300587
261|17543|-4848;362;-7572|0;0;0|38.294704
262|17554|-4880;2383;-7077|0;0;0|41.135880
263|17566|-4848;4751;-4950|0;0;0|41.527058
264|17578|-4848;6440;-2029|0;0;0|39.050587
265|17589|-4880;6380;451|0;0;0|35.585880
266|17601|-4880;4586;1689|0;0;0|32.741764
267|17637|-4848;-1235;-1886|0;0;0|32.421177
268|17649|-4880;2960;-3191|0;0;0|36.938824
269|17660|-4880;6745;-1715|0;0;0|41.785881
270|17672|-4880;9947;-4130|0;0;0|35.959412
271|17684|-4880;-593;-9412|0;0;0|40.350586
272|17695|-4848;-8107;5011|0;0;0|54.409409
273|17707|-4880;-2324;4164|0;0;0|52.188824
274|17719|-4848;-3579;8441|0;0;0|51.803528
275|17730|-4880;-3621;8740|0;0;0|44.312351
276|17742|-4880;-4070;7536|0;0;0|39.388821
277|17754|-4880;-4466;6295|0;0;0|36.794704
278|17765|-4848;-3921;3859|0;0;0|35.697647
279|17801|-4880;-266;-3412|0;0;0|36.644703
280|17813|-4848;1640;-3891|0;0;0|32.571175
281|17825|-4880;3545;-3968|0;0;0|26.538822
282|17836|-4848;3640;-997|0;0;0|23.227058
283|17848|-4848;3124;3604|0;0;0|22.488823
284|17859|-4880;2865;7265|0;0;0|23.827057
285|17871|-4880;3537;7650|0;0;0|25.435881
286|17882|-4848;5441;6221|0;0;0|25.500587
287|17894|-4880;7246;5841|0;0;0|25.477058
288|17906|-4848;8129;6993|0;0;0|26.191765
289|17917|-4880;8491;10942|0;0;0|28.397646
290|17929|-4848;8093;14925|0;0;0|31.691763
291|17965|-4848;-629;25915|0;0;0|13.309410
292|17977|-4880;-7183;21269|0;0;0|2.224117
293|17988|-4848;-15428;16741|0;0;0|-0.222942
294|18000|-4848;-26998;17990|0;0;0|11.079998
295|18012|-4880;-32768;16823|0;0;0|24.082939
296|18024|-4880;-32768;8072|0;0;0|37.282940
297|18036|-4880;-32768;-5229|0;0;0|49.053528
298|18047|-4848;-32768;-7908|0;0;0|54.441765
299|18059|-4880;-31048;660|0;0;0|53.156471
300|18071|-4848;-22139;6373|0;0;0|45.677055
301|18083|-4848;-15001;5264|0;0;0|35.027058
302|18094|-4880;-10519;270|0;0;0|23.068233
303|18131|-4848;2412;-10710|0;0;0|-3.602356
304|18143|-4848;4398;-8419|0;0;0|2.182941
305|18154|-4880;5713;-5527|0;0;0|9.221176
306|18166|-4880;7024;-4088|0;0;0|16.685881
307|18178|-4880;7294;-2890|0;0;0|23.003529
308|18189|-4848;7918;-2961|0;0;0|26.300587
309|18201|-4848;8289;-3593|0;0;0|26.632940
310|18213|-4848;8190;-5816|0;0;0|24.144705
311|18224|-4880;7906;-8908|0;0;0|21.403528
312|18236|-4880;7510;-11865|0;0;0|18.627058
313|18248|-4848;7161;-15166|0;0;0|18.850588
314|18259|-4880;7173;-16477|0;0;0|21.447647
315|18296|-4848;7627;-8178|0;0;0|37.480000
316|18308|-4880;8352;-6914|0;0;0|34.109409
317|18320|-4848;9268;-7809|0;0;0|27.391764
318|18331|-4848;9083;-8598|0;0;0|21.885881
319|18343|-4880;7869;-7714|0;0;0|21.182940
320|18354|-4880;5768;-6018|0;0;0|23.565292
321|18366|-4848;3423;-4739|0;0;0|25.682940
322|18378|-4880;1823;-3902|0;0;0|27.003529
323|18389|-4848;392;-2719|0;0;0|29.429998
324|18401|-4880;-1797;-551|0;0;0|32.221176
325|18413|-4880;-3715;2027|0;0;0|31.359411
326|18449|-4848;-2562;-385|0;0;0|32.588821
327|18461|-4880;-1401;-2755|0;0;0|37.306469
328|18473|-4848;-1878;-4003|0;0;0|42.094704
329|18484|-4848;-3406;-5789|0;0;0|45.282940
330|18496|-4880;-5846;-6656|0;0;0|48.041763
331|18508|-4880;-8114;-7601|0;0;0|49.674118
332|18520|-4848;-10161;-7116|0;0;0|51.706470
333|18532|-4880;-11657;-4730|0;0;0|53.574116
334|18543|-4880;-12766;-1353|0;0;0|54.303528
335|18555|-4880;-13001;830|0;0;0|51.700588
336|18567|-4848;-11512;1336|0;0;0|43.815292
337|18579|-4848;-9065;409|0;0;0|34.721176
338|18615|-4848;-3864;-4465|0;0;0|23.368233
339|18627|-4848;-3419;-1598|0;0;0|30.432940
340|18639|-4848;-3025;478|0;0;0|37.491764
341|18650|-4848;-3040;1931|0;0;0|40.268234
342|18662|-4880;-3280;2836|0;0;0|39.121174
343|18674|-4848;-3654;3951|0;0;0|37.430000
344|18685|-4848;-3821;5436|0;0;0|36.724117
345|18697|-4880;-3987;6824|0;0;0|36.877056
346|18709|-4880;-4079;6710|0;0;0|36.850586
347|18720|-4880;-4146;4641|0;0;0|36.500587
348|18732|-4880;-3818;2355|0;0;0|35.671177
349|18743|-4848;-3449;600|0;0;0|34.709412
350|18779|-4848;-1889;-474|0;0;0|31.712353
351|18791|-4816;-331;-1035|0;0;0|33.947647
352|18803|-4848;1442;-1890|0;0;0|36.953529
353|18814|-4848;2774;-2859|0;0;0|38.968235
354|18826|-4848;3619;-4000|0;0;0|40.274117
355|18838|-4880;3649;-4433|0;0;0|40.662354
356|18849|-4848;2955;-4360|0;0;0|39.953529
357|18861|-4848;1930;-3801|0;0;0|38.918236
358|18873|-4848;1043;-3067|0;0;0|38.603527
359|18884|-4848;545;-2592|0;0;0|38.703529
360|18896|-4848;98;-2034|0;0;0|38.874115
361|18907|-4848;-493;-1502|0;0;0|38.224117
362|18944|-4880;-216;-899|0;0;0|34.818233
363|18955|-4880;219;-1392|0;0;0|34.465294
364|18967|-4848;578;-1917|0;0;0|33.388821
365|18978|-4848;865;-2533|0;0;0|31.638823
366|18990|-4880;789;-3264|0;0;0|28.188824
367|19001|-4848;214;-4364|0;0;0|22.362350
368|19013|-4880;-654;-5444|0;0;0|14.138823
369|19025|-4880;-1687;-6418|0;0;0|5.994705
370|19036|-4880;-3179;-6951|0;0;0|-3.743530
371|19048|-4848;-4420;-6106|0;0;0|-12.343529
372|19060|-4848;-4774;-3527|0;0;0|-17.140591
373|19072|-4848;-4281;-239|0;0;0|-19.767059
374|19108|-4880;-936;7526|0;0;0|-21.558235
375|19120|-4880;-82;8737|0;0;0|-19.631767
376|19131|-4880;731;8741|0;0;0|-16.934708
377|19143|-4880;1109;7920|0;0;0|-13.340588
378|19154|-4880;1353;6502|0;0;0|-8.422943
379|19166|-4880;1220;4693|0;0;0|-3.346474
380|19177|-4848;618;2135|0;0;0|2.621174
381|19189|-4848;140;347|0;0;0|9.497646
382|19200|-4848;-330;-666|0;0;0|16.944704
383|19212|-4848;-772;-1068|0;0;0|22.482941
384|19223|-4848;-952;-983|0;0;0|26.688824
385|19235|-4880;-990;-815|0;0;0|30.079998
386|19271|-4880;-1311;700|0;0;0|40.809410
387|19282|-4880;-1464;1401|0;0;0|44.271175
388|19294|-4880;-1655;1756|0;0;0|45.794704
389|19306|-4880;-1708;1941|0;0;0|45.400589
390|19317|-4848;-1733;1794|0;0;0|44.212353
391|19329|-4848;-1781;1471|0;0;0|43.409409
392|19341|-4880;-1534;1023|0;0;0|44.027058
393|19352|-4880;-1176;541|0;0;0|45.391762
394|19364|-4880;-844;-277|0;0;0|45.668236
395|19375|-4880;-345;-654|0;0;0|45.268234
396|19387|-4880;-39;-708|0;0;0|45.253529
397|19398|-4880;330;-449|0;0;0|46.788822
398|19435|-4880;1088;-427|0;0;0|54.474117
399|19447|-4848;1321;-148|0;0;0|56.129997
400|19458|-4880;1650;365|0;0;0|58.350586
401|19470|-4848;1834;-123|0;0;0|59.432938
402|19481|-4848;1679;-404|0;0;0|59.300587
403|19493|-4848;1623;4|0;0;0|61.350586
404|19504|-4880;1678;1522|0;0;0|66.335876
405|19516|-4848;1879;4369|0;0;0|75.527054
406|19527|-4848;2171;6647|0;0;0|86.253525
407|19539|-4880;1798;7412|0;0;0|96.979996
408|19550|-4880;996;5825|0;0;0|101.800591
409|19562|-4848;-36;1087|0;0;0|99.135880
410|19573|-4848;-1491;-3231|0;0;0|87.991760
411|19610|-4880;-3054;856|0;0;0|74.309410
412|19622|-4848;-2794;1422|0;0;0|74.562347
413|19633|-4848;-2988;1376|0;0;0|76.250587
414|19645|-4848;-3190;71|0;0;0|75.941765
415|19656|-4880;-2605;-1446|0;0;0|69.706467
416|19668|-4880;-1843;-2441|0;0;0|59.374115
417|19680|-4880;-1141;-1580|0;0;0|51.053528
418|19692|-4848;-1044;-453|0;0;0|45.391762
419|19703|-4848;-1173;798|0;0;0|40.306469
420|19715|-4848;-1181;1502|0;0;0|36.379997
421|19727|-4880;-1292;1767|0;0;0|34.906471
422|19763|-4848;-1902;1603|0;0;0|33.541763
423|19775|-4880;-2230;1108|0;0;0|33.356468
424|19787|-4848;-2564;389|0;0;0|31.924116
425|19798|-4848;-2733;127|0;0;0|30.980000
426|19810|-4880;-2489;726|0;0;0|32.541763
427|19821|-4816;-1886;1289|0;0;0|36.265293
428|19833|-4848;-1382;1330|0;0;0|40.379997
429|19845|-4848;-831;1002|0;0;0|44.488823
430|19856|-4880;-305;116|0;0;0|46.565292
431|19868|-4880;185;-666|0;0;0|46.477058
432|19879|-4848;521;-1285|0;0;0|44.562351
433|19891|-4848;661;-1305|0;0;0|42.271175
434|19902|-4848;514;-1134|0;0;0|40.162354
435|19939|-4848;-253;-250|0;0;0|38.674118
436|19950|-4880;-400;-138|0;0;0|39.056469
437|19962|-4880;-522;-136|0;0;0|39.494705
438|19974|-4880;-562;-263|0;0;0|39.747646
439|19985|-4880;-561;-575|0;0;0|39.018234
440|19997|-4880;-586;-918|0;0;0|37.327057
441|20008|-4880;-605;-1033|0;0;0|36.162354
442|20020|-4880;-540;-1118|0;0;0|35.865292
443|20032|-4880;-468;-1107|0;0;0|35.779999
444|20043|-4848;-268;-1020|0;0;0|36.559410
445|20055|-4880;-159;-954|0;0;0|37.821175
446|20066|-4880;-62;-824|0;0;0|39.677059
447|20102|-4848;-158;-1143|0;0;0|46.653526
448|20114|-4880;-234;-1634|0;0;0|47.515293
449|20126|-4848;-281;-1720|0;0;0|47.579998
450|20137|-4848;-345;-1377|0;0;0|48.206470
451|20149|-4848;-374;-533|0;0;0|49.838821
452|20160|-4880;-253;-18|0;0;0|51.806469
453|20172|-4848;9;132|0;0;0|53.406471
454|20183|-4848;216;64|0;0;0|54.500587
455|20194|-4880;483;-102|0;0;0|55.847649
456|20206|-4848;897;-178|0;0;0|57.312351
457|20217|-4848;1272;-547|0;0;0|59.241764
458|20229|-4848;1440;-1321|0;0;0|60.162354
459|20265|-4880;742;-2254|0;0;0|67.535881
460|20277|-4848;463;-2574|0;0;0|70.585876
461|20288|-4880;213;-3530|0;0;0|71.788818
462|20300|-4848;-97;-4127|0;0;0|71.450592
463|20311|-4880;-519;-4437|0;0;0|70.668236
464|20323|-4816;-893;-4137|0;0;0|70.335876
465|20335|-4848;-1063;-3688|0;0;0|70.653526
466|20346|-4848;-1063;-3200|0;0;0|71.659409
467|20358|-4880;-885;-2830|0;0;0|74.394699
468|20370|-4880;-663;-2745|0;0;0|77.541763
469|20381|-4848;-446;-3025|0;0;0|80.468231
470|20393|-4880;-117;-3356|0;0;0|82.815292
471|20429|-4848;136;-3699|0;0;0|84.650589
472|20441|-4848;-77;-3740|0;0;0|84.121170
473|20452|-4848;-216;-3661|0;0;0|84.262352
474|20464|-4880;-457;-3446|0;0;0|84.894699
475|20476|-4848;-823;-2824|0;0;0|87.003525
476|20487|-4848;-1392;-2514|0;0;0|89.659409
477|20499|-4880;-1944;-2719|0;0;0|91.912354
478|20511|-4880;-2460;-3272|0;0;0|92.944702
479|20522|-4880;-2827;-3559|0;0;0|93.477058
480|20534|-4880;-2999;-3307|0;0;0|94.468231
481|20546|-4880;-3123;-2626|0;0;0|96.024117
482|20558|-4848;-3195;-2193|0;0;0|97.321175
483|20594|-4816;-3481;-1868|0;0;0|99.112350
484|20606|-4848;-3545;-1840|0;0;0|97.603531
485|20617|-4816;-3591;-1703|0;0;0|95.188828
486|20629|-4848;-3610;-1618|0;0;0|91.891762
487|20641|-4848;-3718;-1374|0;0;0|88.653526
488|20653|-4880;-3492;-1485|0;0;0|85.212357
489|20664|-4880;-3059;-1692|0;0;0|81.453529
490|20676|-4848;-2498;-1468|0;0;0|78.427063
491|20688|-4848;-1943;-1161|0;0;0|76.712357
492|20699|-4848;-1536;-1061|0;0;0|74.115295
493|20711|-4880;-1264;-839|0;0;0|71.341766
494|20748|-4848;-1639;-629|0;0;0|64.962349
495|20760|-4848;-1626;-1273|0;0;0|60.879997
496|20771|-4880;-1648;-1574|0;0;0|55.859413
497|20783|-4880;-1639;-1264|0;0;0|51.397644
498|20795|-4880;-1629;-779|0;0;0|48.118233
499|20806|-4880;-1451;-422|0;0;0|44.400589
500|20818|-4880;-1067;-193|0;0;0|40.174118
501|20830|-4880;-545;171|0;0;0|36.832939
502|20841|-4880;-184;136|0;0;0|34.453529
503|20853|-4880;130;-336|0;0;0|31.174116
504|20864|-4880;320;-799|0;0;0|26.724117
505|20876|-4848;470;-919|0;0;0|21.459412
506|20912|-4848;-74;323|0;0;0|6.303528
507|20923|-4880;-266;668|0;0;0|0.656471
508|20935|-4848;-435;1115|0;0;0|-4.767059
509|20946|-4880;-457;1976|0;0;0|-10.128826
510|20958|-4880;-342;2721|0;0;0|-14.367062
511|20970|-4880;-115;3466|0;0;0|-19.117062
512|20981|-4848;49;3965|0;0;0|-23.428825
513|20993|-4848;313;4190|0;0;0|-26.305294
514|21004|-4848;729;4142|0;0;0|-28.908234
515|21016|-4880;1262;3881|0;0;0|-31.014122
516|21028|-4880;1894;3916|0;0;0|-29.975883
517|21039|-4848;2697;4058|0;0;0|-25.414120
518|21051|-4880;3121;3472|0;0;0|-21.922943
519|21088|-4880;1302;1226|0;0;0|-25.749413
520|21099|-4848;817;1203|0;0;0|-26.199413
521|21111|-4880;548;1595|0;0;0|-25.978825
522|21122|-4848;684;1912|0;0;0|-24.546471
523|21134|-4848;911;2172|0;0;0|-22.305294
524|21145|-4848;1246;2139|0;0;0|-18.781765
525|21157|-4848;1636;1701|0;0;0|-15.296471
526|21169|-4816;2090;1067|0;0;0|-13.105297
527|21180|-4880;2424;580|0;0;0|-13.378826
528|21192|-4848;2551;623|0;0;0|-14.614120
529|21204|-4848;2626;887|0;0;0|-16.393532
530|21215|-4848;2706;1285|0;0;0|-19.028824
531|21252|-4848;2922;3866|0;0;0|-23.499413
532|21263|-4848;3117;4419|0;0;0|-23.061176
533|21275|-4848;3506;4370|0;0;0|-24.414120
534|21287|-4848;3947;3786|0;0;0|-28.172943
535|21298|-4880;4813;3702|0;0;0|-33.049416
536|21310|-4880;6059;4162|0;0;0|-38.655296
537|21322|-4848;6868;5296|0;0;0|-42.849411
538|21333|-4880;7067;6272|0;0;0|-44.425880
539|21345|-4816;7122;7032|0;0;0|-45.305298
540|21357|-4880;7008;7109|0;0;0|-45.922943
541|21368|-4880;6734;7034|0;0;0|-46.367058
542|21380|-4848;6219;6997|0;0;0|-46.320000
543|21416|-4848;4505;6545|0;0;0|-39.196472
544|21428|-4880;3548;6390|0;0;0|-37.043533
545|21439|-4880;2345;6493|0;0;0|-34.419998
546|21451|-4848;1176;6255|0;0;0|-30.522942
547|21463|-4848;350;6045|0;0;0|-24.761177
548|21474|-4880;-572;5519|0;0;0|-17.172943
549|21486|-4848;-1462;4771|0;0;0|-9.772942
550|21498|-4880;-2071;3951|0;0;0|-3.746471
551|21509|-4880;-2623;3284|0;0;0|1.112350
552|21521|-4880;-3097;3138|0;0;0|3.741764
553|21532|-4880;-3343;3309|0;0;0|6.112352
554|21544|-4880;-3586;3664|0;0;0|10.471176
555|21580|-4848;-3471;3767|0;0;0|29.853527
556|21592|-4912;-3263;2900|0;0;0|37.738823
557|21603|-4848;-3062;1657|0;0;0|45.062351
558|21615|-4848;-3037;429|0;0;0|51.232941
559|21627|-4848;-2950;-706|0;0;0|58.038822
560|21638|-4880;-2784;-1930|0;0;0|64.535881
561|21650|-4848;-2382;-2815|0;0;0|69.324112
562|21662|-4880;-1675;-3429|0;0;0|72.903526
563|21673|-4848;-891;-3718|0;0;0|75.174118
564|21685|-4880;-188;-3896|0;0;0|76.788818
565|21697|-4848;99;-4191|0;0;0|79.091766
566|21708|-4848;-180;-4968|0;0;0|83.027054
567|21744|-4880;-2241;-7688|0;0;0|97.282944
568|21756|-4880;-2408;-7411|0;0;0|99.947647
569|21768|-4816;-2361;-6752|0;0;0|100.471176
570|21780|-4848;-2424;-5908|0;0;0|99.327057
571|21791|-4880;-2749;-5158|0;0;0|97.991760
572|21803|-4880;-3144;-4851|0;0;0|97.788818
573|21815|-4880;-3529;-4211|0;0;0|100.200592
574|21827|-4848;-3916;-3437|0;0;0|104.080002
575|21839|-4880;-4475;-2644|0;0;0|109.080002
576|21850|-4848;-5092;-3129|0;0;0|111.909409
577|21862|-4848;-5342;-3451|0;0;0|111.627060
578|21899|-4880;-6554;-3788|0;0;0|114.080002
579|21910|-4848;-7614;-4656|0;0;0|122.094704
580|21922|-4880;-8957;-5494|0;0;0|130.553528
581|21934|-4912;-10629;-5904|0;0;0|132.903534
582|21946|-4848;-12579;-5878|0;0;0|132.903534
583|21958|-4848;-14047;-6223|0;0;0|132.903534
584|21970|-4848;-14690;-5530|0;0;0|132.903534
585|21982|-4880;-14207;-3610|0;0;0|132.903534
586|21994|-4880;-13022;-997|0;0;0|132.903534
587|22006|-4848;-11812;1419|0;0;0|132.165283
588|22018|-4880;-11338;3233|0;0;0|130.768234
589|22055|-4880;-10538;-1276|0;0;0|132.903534
590|22067|-4848;-8907;-4204|0;0;0|132.527054
591|22078|-4880;-6670;-5923|0;0;0|128.368225
592|22090|-4848;-4857;-5954|0;0;0|125.071175
593|22102|-4848;-4049;-4383|0;0;0|124.635880
594|22114|-4848;-4132;-2321|0;0;0|127.224113
595|22126|-4848;-4851;-902|0;0;0|128.027054
596|22138|-4848;-5787;-37|0;0;0|125.568237
597|22149|-4848;-6776;-323|0;0;0|119.153526
598|22161|-4848;-7262;-1743|0;0;0|109.900589
599|22173|-4848;-6975;-3919|0;0;0|99.482941
600|22185|-4848;-6059;-5888|0;0;0|89.853531
601|22221|-4848;-3293;-3843|0;0;0|75.300583
602|22233|-4848;-2860;-2434|0;0;0|72.606468
603|22245|-4848;-2199;-2197|0;0;0|67.556473
604|22257|-4880;-1145;-3244|0;0;0|59.303528
605|22268|-4816;210;-5013|0;0;0|49.024117
606|22280|-4848;1448;-6010|0;0;0|39.227058
607|22292|-4848;2517;-5679|0;0;0|30.232941
608|22303|-4816;3079;-4311|0;0;0|23.827057
609|22315|-4848;3291;-2775|0;0;0|19.494705
610|22327|-4880;3377;-1718|0;0;0|14.777058
611|22338|-4816;3530;-1950|0;0;0|9.568233
612|22350|-4848;3774;-3265|0;0;0|3.485882
613|22386|-4880;6076;-6210|0;0;0|-21.861179
614|22398|-4880;6558;-6348|0;0;0|-30.470001
615|22410|-4848;6536;-6527|0;0;0|-39.928825
616|22422|-4880;5879;-6020|0;0;0|-47.781769
617|22433|-4848;5131;-5034|0;0;0|-51.278824
618|22445|-4848;4228;-3249|0;0;0|-51.128822
619|22457|-4848;3528;-1334|0;0;0|-48.487648
620|22469|-4848;3341;-341|0;0;0|-45.228828
621|22480|-4880;3596;-279|0;0;0|-43.484711
622|22492|-4848;4158;-612|0;0;0|-43.511177
623|22503|-4880;4868;-996|0;0;0|-44.717056
624|22540|-4880;5743;-118|0;0;0|-54.052353
625|22552|-4848;5295;276|0;0;0|-59.614120
626|22563|-4880;4216;1287|0;0;0|-59.846474
627|22575|-4880;2720;2343|0;0;0|-59.846474
628|22587|-4880;1024;2607|0;0;0|-59.846474
629|22598|-4848;-484;2810|0;0;0|-59.846474
630|22610|-4848;-1905;3726|0;0;0|-59.846474
631|22622|-4880;-2427;5333|0;0;0|-59.846474
632|22633|-4880;-2053;7147|0;0;0|-59.846474
633|22645|-4848;-1400;8765|0;0;0|-48.625885
634|22657|-4880;-515;10061|0;0;0|-33.093529
635|22669|-4848;218;10182|0;0;0|-15.096474
636|22705|-4848;760;-2223|0;0;0|22.685881
637|22716|-4848;311;-5596|0;0;0|29.285881
638|22728|-4848;-452;-7202|0;0;0|35.424118
639|22740|-4880;-1820;-6769|0;0;0|42.871174
640|22751|-4848;-3452;-6119|0;0;0|49.518234
641|22763|-4880;-4666;-4652|0;0;0|52.856468
642|22775|-4848;-5171;-2843|0;0;0|55.318233
643|22787|-4848;-5588;-661|0;0;0|57.632942
644|22798|-4880;-5606;-428|0;0;0|57.253529
645|22810|-4880;-5356;-603|0;0;0|53.606468
646|22821|-4880;-4358;-1442|0;0;0|48.371174
647|22833|-4848;-2865;-1699|0;0;0|42.347645
648|22869|-4912;2809;1104|0;0;0|34.544704
649|22881|-4880;4547;2138|0;0;0|36.512352
650|22893|-4848;6268;2219|0;0;0|37.982941
651|22904|-4816;7372;1494|0;0;0|38.382938
652|22916|-4848;8092;533|0;0;0|38.177059
653|22927|-4848;8500;-628|0;0;0|37.856468
654|22939|-4848;8665;-1086|0;0;0|38.209412
655|22950|-4848;8873;-1082|0;0;0|39.585880
656|22962|-4880;9246;-953|0;0;0|41.138821
657|22974|-4848;9484;-1009|0;0;0|42.459412
658|22985|-4880;9474;-1240|0;0;0|42.959412
659|22997|-4848;9260;-1441|0;0;0|43.094704
660|23033|-4880;8850;-540|0;0;0|41.688824
661|23045|-4880;8573;-93|0;0;0|41.574116
662|23056|-4848;8055;8|0;0;0|42.100586
663|23067|-4848;7176;-33|0;0;0|42.397644
664|23079|-4880;6053;-120|0;0;0|42.468235
665|23090|-4848;5115;-129|0;0;0|41.668236
666|23102|-4848;4320;9|0;0;0|41.150589
667|23113|-4880;3530;228|0;0;0|40.594704
668|23125|-4848;2847;254|0;0;0|39.747646
669|23136|-4880;2085;147|0;0;0|38.509411
670|23148|-4848;1275;-28|0;0;0|37.450588
671|23159|-4848;355;-328|0;0;0|36.494705
672|23171|-4848;-249;-524|0;0;0|37.103527
673|23207|-4880;-1534;-994|0;0;0|39.059410
674|23218|-4880;-2080;-920|0;0;0|39.368233
675|23230|-4880;-2645;-828|0;0;0|39.388821
676|23242|-4848;-3097;-664|0;0;0|39.024117
677|23253|-4848;-3297;-425|0;0;0|38.262352
678|23265|-4848;-3046;-37|0;0;0|37.256470
679|23276|-4880;-2512;291|0;0;0|36.168236
680|23288|-4848;-1943;406|0;0;0|35.135880
681|23300|-4880;-1596;339|0;0;0|33.524117
682|23311|-4848;-1557;176|0;0;0|32.356468
683|23323|-4880;-1802;156|0;0;0|31.715294
684|23334|-4848;-2105;220|0;0;0|32.541763
685|23371|-4848;-1967;-480|0;0;0|35.879997
686|23382|-4880;-1821;-624|0;0;0|36.615292
687|23394|-4848;-1747;-688|0;0;0|37.021175
688|23406|-4880;-1584;-726|0;0;0|37.118233
689|23417|-4880;-1326;-685|0;0;0|36.768234
690|23429|-4880;-1046;-777|0;0;0|36.518234
691|23441|-4848;-824;-936|0;0;0|36.462353
692|23452|-4848;-663;-1055|0;0;0|36.415295
693|23464|-4848;-459;-1196|0;0;0|36.332939
694|23476|-4880;-437;-1217|0;0;0|36.797646
695|23487|-4880;-479;-1277|0;0;0|37.200588
696|23499|-4848;-455;-1352|0;0;0|37.062351
697|23536|-4848;5;-895|0;0;0|36.591763
698|23547|-4848;-65;-699|0;0;0|36.738823
699|23558|-4880;-231;-442|0;0;0|36.885880
700|23570|-4848;-363;-211|0;0;0|37.112350
701|23582|-4880;-397;-227|0;0;0|37.021175
702|23593|-4848;-376;-357|0;0;0|36.515293
703|23605|-4848;-387;-376|0;0;0|36.471176
704|23616|-4816;-470;-249|0;0;0|36.779999
705|23628|-4848;-494;-208|0;0;0|36.997646
706|23639|-4880;-464;-369|0;0;0|36.924118
707|23651|-4848;-361;-598|0;0;0|36.853527
708|23662|-4880;-343;-665|0;0;0|37.018234
709|23699|-4848;-179;-783|0;0;0|37.159412
710|23711|-4880;-34;-645|0;0;0|36.850586
711|23722|-4848;77;-420|0;0;0|36.474117
712|23733|-4848;229;-347|0;0;0|36.174118
713|23745|-4848;268;-315|0;0;0|36.121174
714|23756|-4880;211;-336|0;0;0|36.424118
715|23768|-4848;73;-399|0;0;0|36.603527
716|23779|-4880;-99;-523|0;0;0|36.856468
717|23791|-4848;-243;-628|0;0;0|37.097645
718|23802|-4848;-257;-636|0;0;0|37.094704
719|23814|-4848;-304;-581|0;0;0|37.168236
720|23825|-4880;-278;-633|0;0;0|36.785881
721|23862|-4848;-181;-318|0;0;0|36.618233
722|23874|-4848;-101;-165|0;0;0|36.609409
723|23885|-4880;-65;-127|0;0;0|36.297646
724|23897|-4848;-29;-135|0;0;0|36.124115
725|23908|-4848;-100;-44|0;0;0|36.356468
726|23920|-4848;-208;-24|0;0;0|36.697647
727|23931|-4880;-297;-42|0;0;0|36.941765
728|23943|-4880;-396;-104|0;0;0|37.127056
729|23954|-4848;-473;-141|0;0;0|37.044704
730|23966|-4848;-505;-304|0;0;0|37.159412
731|23977|-4880;-619;-462|0;0;0|37.230000
732|23989|-4848;-756;-521|0;0;0|37.056469
733|24000|-4880;-850;-411|0;0;0|36.941765
734|24036|-4848;-330;-37|0;0;0|36.480000
735|24048|-4848;-230;-226|0;0;0|36.638821
736|24059|-4848;-198;-460|0;0;0|36.800587
737|24071|-4848;-207;-602|0;0;0|36.712353
738|24083|-4848;-268;-698|0;0;0|36.750587
739|24094|-4880;-244;-733|0;0;0|36.674118
740|24106|-4848;-96;-665|0;0;0|36.347645
741|24117|-4848;-77;-598|0;0;0|36.329998
742|24129|-4880;-154;-355|0;0;0|36.509411
743|24140|-4880;-312;-137|0;0;0|36.674118
744|24152|-4880;-419;94|0;0;0|36.759411
745|24163|-4848;-458;145|0;0;0|36.527058
746|24199|-4880;-465;-85|0;0;0|36.079998
747|24211|-4848;-539;-202|0;0;0|36.021175
748|24222|-4848;-421;-345|0;0;0|35.894703
749|24234|-4880;-122;-678|0;0;0|35.035881
750|24245|-4880;287;-1152|0;0;0|33.456470
751|24257|-4848;175;-5442|0;0;0|22.744705
752|24268|-4816;805;-1132|0;0;0|31.874117
753|24280|-4848;756;-484|0;0;0|34.938824
754|24291|-4848;669;-17|0;0;0|36.497646
755|24303|-4848;241;-212|0;0;0|36.797646
756|24314|-4880;52;36|0;0;0|36.453529
757|24325|-4848;-123;443|0;0;0|36.724117
758|24361|-4880;-61;665|0;0;0|37.935883
759|24373|-4880;368;645|0;0;0|37.038822
760|24384|-4848;489;630|0;0;0|36.465294
761|24395|-4880;308;689|0;0;0|36.603527
762|24407|-4848;-31;685|0;0;0|37.368233
763|24418|-4880;-440;676|0;0;0|38.985882
764|24430|-4880;-972;587|0;0;0|41.074116
765|24441|-4848;-1584;204|0;0;0|43.035881
766|24453|-4848;-1993;-300|0;0;0|43.888821
767|24464|-4848;-1564;-525|0;0;0|41.988823
768|24476|-4880;124;-39|0;0;0|38.068233
769|24487|-4848;1101;599|0;0;0|35.974117
770|24499|-4880;2785;909|0;0;0|32.174118
771|24535|-4848;2635;-701|0;0;0|28.256470
772|24546|-4848;1708;-267|0;0;0|27.871174
773|24558|-4880;1040;-69|0;0;0|27.691765
774|24569|-4880;702;574|0;0;0|28.388823
775|24581|-4848;567;1514|0;0;0|30.524117
776|24592|-4848;750;1485|0;0;0|32.577057
777|24604|-4880;1312;1073|0;0;0|33.985882
778|24615|-4848;2148;-249|0;0;0|32.450588
779|24627|-4848;3097;-1452|0;0;0|30.118235
780|24638|-4880;3813;-3033|0;0;0|29.062351
781|24650|-4880;4000;-3586|0;0;0|30.938822
782|24662|-4848;3899;-4112|0;0;0|33.015293
783|24698|-4848;2706;-1050|0;0;0|36.838821
784|24710|-4848;2228;865|0;0;0|37.971176
785|24722|-4848;1746;2563|0;0;0|38.303528
786|24733|-4848;1154;4140|0;0;0|38.647644
787|24745|-4848;720;5443|0;0;0|39.474117
788|24756|-4848;358;6405|0;0;0|40.609409
789|24768|-4848;369;6691|0;0;0|41.477058
790|24779|-4880;648;6369|0;0;0|42.600586
791|24791|-4848;937;5525|0;0;0|43.656471
792|24802|-4880;1218;4445|0;0;0|44.121174
793|24814|-4880;1540;3328|0;0;0|44.029999
794|24825|-4880;1871;2693|0;0;0|43.862350
795|24862|-4848;3213;818|0;0;0|44.665291
796|24873|-4848;3213;0|0;0;0|45.180000
797|24885|-4848;3042;-540|0;0;0|46.015293
798|24896|-4848;2709;-1020|0;0;0|46.812351
799|24908|-4848;2422;-1265|0;0;0|46.885880
800|24919|-4848;2285;-1436|0;0;0|46.865292
801|24931|-4848;2229;-1384|0;0;0|46.503529
802|24943|-4880;2275;-1497|0;0;0|46.047646
803|24954|-4848;2249;-1725|0;0;0|45.453529
804|24966|-4880;2168;-1897|0;0;0|45.529999
805|24978|-4848;1964;-1992|0;0;0|46.421173
806|24989|-4880;1864;-1856|0;0;0|47.547646
807|25001|-4880;1832;-1574|0;0;0|48.465294
808|25038|-4848;1674;-792|0;0;0|46.612350
809|25049|-4848;1865;-553|0;0;0|46.009411
810|25061|-4880;2103;-461|0;0;0|45.638824
811|25072|-4848;2209;-679|0;0;0|45.218235
812|25084|-4880;2191;-852|0;0;0|44.688824
813|25095|-4848;2152;-672|0;0;0|44.944706
814|25107|-4848;2076;-235|0;0;0|45.571175
815|25119|-4880;2047;315|0;0;0|45.379997
816|25130|-4880;2001;620|0;0;0|44.391762
817|25142|-4880;1996;871|0;0;0|43.529999
818|25153|-4848;2027;1236|0;0;0|43.827057
819|25165|-4880;2120;1590|0;0;0|44.824116
820|25201|-4880;2969;-488|0;0;0|42.091763
821|25213|-4880;3275;-973|0;0;0|41.062351
822|25224|-4880;3647;-1089|0;0;0|40.759411
823|25236|-4880;3872;-1224|0;0;0|40.574116
824|25248|-4880;3916;-1256|0;0;0|40.409409
825|25259|-4848;3999;-1210|0;0;0|40.371174
826|25271|-4848;3996;-1236|0;0;0|40.647644
827|25283|-4848;3984;-1328|0;0;0|40.915291
828|25294|-4880;3929;-1416|0;0;0|41.165291
829|25306|-4848;3797;-1395|0;0;0|41.471176
830|25318|-4880;3650;-1178|0;0;0|41.362350
831|25329|-4848;3544;-788|0;0;0|40.465294
832|25365|-4848;3164;-22|0;0;0|37.353527
833|25377|-4880;2901;68|0;0;0|37.421177
834|25388|-4880;2646;-39|0;0;0|37.800587
835|25400|-4880;2461;-345|0;0;0|38.506470
836|25411|-4848;2275;-775|0;0;0|39.159409
837|25423|-4880;2110;-1095|0;0;0|39.544704
838|25434|-4848;2036;-1235|0;0;0|39.944706
839|25446|-4880;1965;-1276|0;0;0|40.153526
840|25458|-4848;1828;-1161|0;0;0|39.724117
841|25469|-4880;1721;-835|0;0;0|39.009411
842|25481|-4848;1605;-718|0;0;0|38.003529
843|25492|-4816;1449;-833|0;0;0|37.300587
844|25528|-4848;936;-673|0;0;0|37.691765
845|25540|-4848;659;-346|0;0;0|38.103527
846|25551|-4848;355;51|0;0;0|38.512352
847|25563|-4848;131;487|0;0;0|38.868233
848|25574|-4880;6;936|0;0;0|39.418236
849|25585|-4848;-64;970|0;0;0|39.268234
850|25597|-4880;-55;732|0;0;0|38.174118
851|25608|-4848;166;519|0;0;0|37.232941
852|25619|-4816;513;170|0;0;0|36.500587
853|25631|-4848;778;-158|0;0;0|36.209412
854|25642|-4848;954;-526|0;0;0|36.379997
855|25654|-4880;959;-709|0;0;0|37.209412
856|25665|-4848;971;-560|0;0;0|38.262352
857|25701|-4880;540;-277|0;0;0|37.291763
858|25712|-4848;537;-463|0;0;0|36.197647
859|25724|-4848;615;-870|0;0;0|35.503529
860|25735|-4880;712;-1152|0;0;0|35.709412
861|25747|-4880;704;-1207|0;0;0|36.615292
862|25759|-4880;526;-1029|0;0;0|37.821175
863|25770|-4848;288;-850|0;0;0|38.571175
864|25782|-4880;120;-578|0;0;0|38.624115
865|25793|-4816;34;-320|0;0;0|38.379997
866|25804|-4848;-88;-43|0;0;0|38.094704
867|25816|-4880;-221;319|0;0;0|38.191765
868|25827|-4848;-345;767|0;0;0|38.397644
