0|67536|-4432;135;-2462|0;0;0|37.112350
1|67596|-4432;-2368;-2265|0;0;0|39.350586
2|67608|-4464;-3079;-2377|0;0;0|40.071175
3|67619|-4432;-3956;-1741|0;0;0|41.559410
4|67631|-4400;-4645;-583|0;0;0|42.341763
5|67642|-4464;-4886;416|0;0;0|41.988823
6|67654|-4464;-4696;1064|0;0;0|40.556469
7|67665|-4432;-4299;1123|0;0;0|39.147644
8|67677|-4464;-4124;880|0;0;0|38.232941
9|67688|-4432;-4263;692|0;0;0|37.944706
10|67699|-4432;-4488;334|0;0;0|37.279999
11|67711|-4432;-4577;-17|0;0;0|36.247646
12|67722|-4432;-4595;-687|0;0;0|34.712353
13|67758|-4464;-3996;-2663|0;0;0|30.800587
14|67770|-4464;-3343;-2002|0;0;0|31.500587
15|67782|-4432;-2677;-909|0;0;0|33.615292
16|67793|-4464;-2286;425|0;0;0|36.727058
17|67805|-4432;-2453;1646|0;0;0|39.779999
18|67816|-4432;-3037;2008|0;0;0|41.144707
19|67828|-4432;-3880;1282|0;0;0|39.941765
20|67839|-4432;-4837;-176|0;0;0|36.944706
21|67851|-4432;-5570;-1357|0;0;0|34.409409
22|67862|-4432;-6019;-2053|0;0;0|32.450588
23|67874|-4432;-5984;-1762|0;0;0|32.250587
24|67886|-4432;-5458;-417|0;0;0|33.671177
25|67922|-4432;-2803;5074|0;0;0|40.444706
26|67933|-4432;-2940;4401|0;0;0|38.230000
27|67945|-4432;-3804;2434|0;0;0|33.950588
28|67957|-4432;-4685;399|0;0;0|29.950586
29|67968|-4432;-5055;-1598|0;0;0|27.059410
30|67980|-4400;-4881;-2181|0;0;0|26.585880
31|67991|-4432;-4412;-1081|0;0;0|28.141764
32|68003|-4432;-3514;1145|0;0;0|30.882940
33|68015|-4464;-2624;3526|0;0;0|33.844704
34|68026|-4432;-1986;4681|0;0;0|35.509411
35|68038|-4432;-1657;4222|0;0;0|36.112350
36|68049|-4432;-1817;1832|0;0;0|33.656471
37|68086|-4432;-2187;-3098|0;0;0|23.562351
38|68097|-4432;-1983;-3445|0;0;0|22.874117
39|68109|-4432;-1865;-3346|0;0;0|22.779999
40|68121|-4432;-1919;-3141|0;0;0|22.509411
41|68132|-4464;-2304;-3474|0;0;0|21.427057
42|68144|-4432;-2960;-3457|0;0;0|20.762352
43|68156|-4432;-3517;-3877|0;0;0|21.188824
44|68167|-4432;-3696;-3632|0;0;0|22.985882
45|68179|-4432;-3602;-3162|0;0;0|25.994705
46|68191|-4432;-3201;-2621|0;0;0|28.441765
47|68202|-4432;-2555;-2218|0;0;0|30.191763
48|68214|-4432;-2167;-2272|0;0;0|30.794704
49|68251|-4400;-2699;-927|0;0;0|34.371174
50|68262|-4432;-3943;-944|0;0;0|36.209412
51|68274|-4464;-5252;-1496|0;0;0|35.782940
52|68285|-4432;-6622;-2533|0;0;0|34.918236
53|68297|-4432;-7986;-2369|0;0;0|37.009411
54|68309|-4432;-8976;-1012|0;0;0|41.532940
55|68320|-4400;-9361;846|0;0;0|45.991764
56|68332|-4400;-9409;2895|0;0;0|49.927055
57|68343|-4400;-9349;3555|0;0;0|50.768234
58|68355|-4432;-9381;1176|0;0;0|46.744705
59|68367|-4432;-8765;-1746|0;0;0|37.344704
60|68378|-4432;-7710;-2862|0;0;0|29.638823
61|68415|-4432;-3014;-3753|0;0;0|25.309410
62|68427|-4432;-1256;-1537|0;0;0|30.153528
63|68438|-4432;-161;-585|0;0;0|32.765293
64|68450|-4432;-158;-1028|0;0;0|31.818233
65|68461|-4432;-560;-1206|0;0;0|29.777058
66|68473|-4432;-988;-338|0;0;0|28.968235
67|68484|-4432;-1382;1253|0;0;0|29.303528
68|68496|-4432;-1871;2499|0;0;0|29.600586
69|68507|-4432;-2488;2888|0;0;0|29.494705
70|68519|-4432;-3053;2693|0;0;0|29.300587
71|68531|-4432;-3203;2801|0;0;0|29.918234
72|68542|-4432;-2959;2798|0;0;0|30.906469
73|68579|-4432;-1617;1422|0;0;0|32.579998
74|68590|-4432;-1397;759|0;0;0|31.403528
75|68602|-4400;-1671;306|0;0;0|30.456470
76|68613|-4432;-2022;420|0;0;0|30.777058
77|68625|-4432;-2420;520|0;0;0|31.571175
78|68636|-4432;-2867;720|0;0;0|32.574116
79|68648|-4400;-3312;1101|0;0;0|32.688824
80|68659|-4400;-3634;1464|0;0;0|32.021175
81|68671|-4432;-3621;2276|0;0;0|31.168234
82|68682|-4400;-3370;3363|0;0;0|31.400587
83|68694|-4432;-3006;4072|0;0;0|31.735882
84|68706|-4432;-2332;3902|0;0;0|32.291763
85|68717|-4464;-1477;3153|0;0;0|33.009411
86|68753|-4432;-1088;1961|0;0;0|32.585880
87|68765|-4432;-1375;1877|0;0;0|31.415293
88|68776|-4432;-1379;1818|0;0;0|29.918234
89|68788|-4432;-1351;1820|0;0;0|28.915293
90|68799|-4432;-1013;916|0;0;0|27.227058
91|68811|-4400;-741;-126|0;0;0|26.647646
92|68822|-4432;-832;-817|0;0;0|27.477058
93|68834|-4432;-1283;-1517|0;0;0|28.806469
94|68846|-4432;-1751;-2275|0;0;0|29.356468
95|68857|-4400;-1934;-1894|0;0;0|30.532940
96|68869|-4432;-1955;-308|0;0;0|32.644703
97|68880|-4432;-1786;1006|0;0;0|32.682941
98|68916|-4432;-127;-917|0;0;0|22.529999
99|68928|-4400;211;-2323|0;0;0|20.235882
100|68939|-4432;156;-3449|0;0;0|19.379999
101|68951|-4432;-357;-2756|0;0;0|21.241764
102|68963|-4400;-1075;-1299|0;0;0|24.338821
103|68974|-4400;-2147;2153|0;0;0|30.782940
104|68986|-4432;-3602;5138|0;0;0|37.115292
105|68998|-4432;-5147;8010|0;0;0|42.500587
106|69009|-4432;-6615;10826|0;0;0|47.415291
107|69021|-4432;-7462;10757|0;0;0|46.868233
108|69033|-4400;-6740;6175|0;0;0|39.809410
109|69044|-4464;-4947;2060|0;0;0|32.424118
110|69080|-4432;-328;-1523|0;0;0|32.932941
111|69092|-4432;-281;-2909|0;0;0|30.947645
112|69104|-4432;-607;-3805|0;0;0|30.988823
113|69115|-4432;-1057;-4436|0;0;0|32.779999
114|69127|-4432;-1641;-4138|0;0;0|34.635880
115|69139|-4432;-2146;-3678|0;0;0|34.956470
116|69151|-4432;-2288;-2383|0;0;0|34.759411
117|69162|-4432;-2230;-163|0;0;0|34.968235
118|69174|-4400;-1836;1830|0;0;0|34.097645
119|69186|-4432;-550;3162|0;0;0|33.253529
120|69197|-4432;861;3932|0;0;0|33.879997
121|69209|-4464;2872;3819|0;0;0|34.777058
122|69245|-4432;6073;-1198|0;0;0|34.021175
123|69256|-4432;6233;-3037|0;0;0|32.259411
124|69268|-4400;6716;-3610|0;0;0|31.194704
125|69280|-4432;7843;-2646|0;0;0|32.153526
126|69291|-4432;8412;-1701|0;0;0|33.291763
127|69303|-4432;8281;-1289|0;0;0|33.124115
128|69315|-4400;7923;-1242|0;0;0|32.350586
129|69326|-4400;7166;-913|0;0;0|31.730000
130|69338|-4432;6397;-737|0;0;0|30.785881
131|69349|-4432;5925;-778|0;0;0|30.041763
132|69361|-4400;5470;-479|0;0;0|29.738823
133|69373|-4400;5099;-66|0;0;0|29.474117
134|69409|-4400;3699;700|0;0;0|32.680000
135|69421|-4400;4118;132|0;0;0|32.756470
136|69432|-4400;4938;-686|0;0;0|31.935881
137|69444|-4432;5754;-1934|0;0;0|29.847645
138|69455|-4400;6034;-2824|0;0;0|28.371174
139|69467|-4432;5923;-3228|0;0;0|28.547646
140|69479|-4400;5636;-3140|0;0;0|30.053528
141|69490|-4400;5648;-2510|0;0;0|31.727058
142|69502|-4400;6111;-1875|0;0;0|32.956470
143|69514|-4400;6640;-1735|0;0;0|33.232941
144|69525|-4432;6932;-1697|0;0;0|32.577057
145|69537|-4432;6973;-1874|0;0;0|31.465294
146|69574|-4432;7040;-2412|0;0;0|30.491764
147|69585|-4432;6795;-1636|0;0;0|32.106468
148|69597|-4400;6318;-808|0;0;0|33.730000
149|69608|-4432;5726;-366|0;0;0|34.235882
150|69620|-4400;5202;-82|0;0;0|34.041763
151|69631|-4400;4578;306|0;0;0|33.841763
152|69643|-4432;4169;875|0;0;0|34.418236
153|69654|-4432;3925;2102|0;0;0|36.371174
154|69666|-4400;3899;1925|0;0;0|37.218235
155|69678|-4432;3903;1382|0;0;0|37.730000
156|69689|-4432;3687;843|0;0;0|37.459412
157|69701|-4432;3323;540|0;0;0|37.300587
158|69737|-4432;3170;-867|0;0;0|36.259411
159|69749|-4400;3497;-1092|0;0;0|35.465294
160|69760|-4400;3609;-1106|0;0;0|34.841763
161|69772|-4432;3424;-950|0;0;0|34.368233
162|69784|-4400;3094;-655|0;0;0|34.700588
163|69795|-4432;2690;-263|0;0;0|35.412354
164|69807|-4400;2047;36|0;0;0|36.018234
165|69818|-4432;1400;204|0;0;0|36.109409
166|69830|-4432;812;323|0;0;0|35.488823
167|69841|-4400;490;326|0;0;0|34.627056
168|69852|-4432;572;171|0;0;0|33.885880
169|69864|-4400;945;-227|0;0;0|33.682941
170|69900|-4400;877;-1237|0;0;0|33.774117
171|69912|-4400;534;-1245|0;0;0|33.809410
172|69923|-4432;297;-1111|0;0;0|34.362350
173|69935|-4400;209;-1012|0;0;0|35.224117
174|69946|-4432;245;-1096|0;0;0|35.668236
175|69958|-4400;387;-1348|0;0;0|35.312351
176|69970|-4432;374;-1590|0;0;0|34.800587
177|69981|-4432;248;-1546|0;0;0|34.541763
178|69993|-4400;-138;-1197|0;0;0|35.135880
179|70004|-4400;-500;-873|0;0;0|35.682941
180|70016|-4400;-601;-734|0;0;0|35.991764
181|70027|-4400;-391;-537|0;0;0|36.741764
182|70039|-4432;-84;-391|0;0;0|37.750587
183|70075|-4400;-110;-856|0;0;0|36.827057
184|70086|-4400;-348;-732|0;0;0|36.065292
185|70098|-4432;-794;-332|0;0;0|36.200588
186|70110|-4400;-1183;-114|0;0;0|36.315292
187|70121|-4432;-1313;-227|0;0;0|35.900585
188|70133|-4432;-1233;-431|0;0;0|35.238823
189|70145|-4432;-902;-434|0;0;0|34.918236
190|70156|-4400;-624;-307|0;0;0|35.197647
191|70168|-4432;-500;-110|0;0;0|35.512352
192|70179|-4432;-575;-43|0;0;0|35.391762
193|70191|-4432;-689;-57|0;0;0|35.224117
194|70202|-4400;-708;-50|0;0;0|34.985882
195|70238|-4432;-673;37|0;0;0|35.041763
196|70250|-4400;-726;-279|0;0;0|35.371174
197|70261|-4432;-878;-453|0;0;0|35.912354
198|70273|-4400;-1133;-350|0;0;0|35.853527
199|70284|-4368;-1409;-196|0;0;0|34.850586
200|70296|-4432;-1803;-29|0;0;0|33.847645
201|70307|-4400;-2203;112|0;0;0|33.718235
202|70319|-4400;-2550;156|0;0;0|33.921177
203|70331|-4432;-2825;67|0;0;0|33.677059
204|70342|-4400;-2836;159|0;0;0|33.465294
205|70354|-4432;-2771;259|0;0;0|33.477058
206|70365|-4432;-2756;279|0;0;0|33.691765
207|70401|-4432;-2621;81|0;0;0|34.191765
208|70413|-4400;-2557;236|0;0;0|34.691765
209|70424|-4432;-2400;216|0;0;0|34.762352
210|70436|-4432;-2191;-74|0;0;0|34.221176
211|70447|-4432;-1979;-284|0;0;0|33.980000
212|70459|-4400;-1883;-366|0;0;0|34.297646
213|70471|-4432;-1788;-599|0;0;0|35.068233
214|70482|-4400;-1798;-751|0;0;0|35.359409
215|70494|-4432;-1677;-661|0;0;0|35.303528
216|70506|-4400;-1506;-500|0;0;0|34.932941
217|70517|-4432;-1373;-344|0;0;0|34.650585
218|70529|-4432;-1349;-259|0;0;0|34.585880
219|70565|-4432;-754;-680|0;0;0|35.344704
220|70577|-4400;-528;-720|0;0;0|35.474117
221|70588|-4432;-493;-698|0;0;0|35.803528
222|70600|-4400;-526;-605|0;0;0|35.756470
223|70611|-4400;-479;-549|0;0;0|35.853527
224|70623|-4432;-389;-444|0;0;0|35.680000
225|70634|-4432;-313;-399|0;0;0|35.971176
226|70646|-4432;-292;-382|0;0;0|36.635880
227|70658|-4400;-334;-427|0;0;0|36.838821
228|70669|-4432;-373;-492|0;0;0|36.756470
229|70681|-4432;-286;-612|0;0;0|36.494705
230|70692|-4400;-132;-769|0;0;0|36.382938
231|70729|-4432;81;-36|0;0;0|37.247646
232|70740|-4400;91;-177|0;0;0|37.182941
233|70752|-4432;225;-357|0;0;0|37.329998
234|70763|-4432;255;-453|0;0;0|37.482941
235|70775|-4432;136;-439|0;0;0|37.324116
236|70786|-4400;4;-464|0;0;0|37.100586
237|70797|-4400;-124;-646|0;0;0|36.794704
238|70809|-4400;-115;-855|0;0;0|36.230000
239|70820|-4400;-84;-710|0;0;0|36.506470
240|70832|-4432;-165;-368|0;0;0|37.256470
241|70843|-4432;-213;-20|0;0;0|37.674118
242|70855|-4400;-204;11|0;0;0|37.568233
243|70866|-4400;-215;-63|0;0;0|37.135880
244|70903|-4400;-174;203|0;0;0|36.277058
245|70914|-4400;-211;309|0;0;0|36.241764
246|70926|-4400;-258;352|0;0;0|36.397644
247|70937|-4400;-202;152|0;0;0|36.812351
248|70949|-4432;-101;-100|0;0;0|36.912354
249|70960|-4400;-5;-211|0;0;0|36.897644
250|70972|-4400;96;-172|0;0;0|36.774117
251|70983|-4400;185;-37|0;0;0|36.553528
252|70994|-4432;193;3|0;0;0|36.244705
253|71006|-4432;210;-73|0;0;0|36.162354
254|71017|-4400;164;-218|0;0;0|36.165295
255|71028|-4464;141;-368|0;0;0|36.450588
256|71065|-4432;12;-67|0;0;0|37.018234
257|71076|-4400;6;28|0;0;0|36.838821
258|71087|-4400;42;118|0;0;0|36.862350
259|71099|-4432;14;121|0;0;0|36.730000
260|71110|-4400;15;72|0;0;0|36.609409
261|71121|-4400;-9;47|0;0;0|36.629997
262|71132|-4400;23;102|0;0;0|36.697647
263|71143|-4400;25;1|0;0;0|36.838821
264|71154|-4400;91;-174|0;0;0|36.932941
265|71166|-4400;187;-235|0;0;0|37.082939
266|71177|-4400;208;-188|0;0;0|37.215294
267|71189|-4432;144;-41|0;0;0|37.377056
268|71200|-4432;98;62|0;0;0|37.394703
269|71211|-4432;82;85|0;0;0|37.274117
270|71248|-4400;28;-230|0;0;0|36.462353
271|71259|-4400;51;-271|0;0;0|36.391762
272|71270|-4432;-56;-227|0;0;0|36.671177
273|71282|-4400;-113;-259|0;0;0|36.800587
274|71293|-4432;-70;-223|0;0;0|37.141762
275|71305|-4400;4;-189|0;0;0|37.571175
276|71316|-4400;65;-33|0;0;0|37.677059
277|71327|-4400;15;149|0;0;0|37.480000
278|71339|-4400;-44;283|0;0;0|36.744705
279|71350|-4400;-156;304|0;0;0|36.485882
280|71361|-4400;-276;279|0;0;0|36.665295
281|71373|-4400;-287;190|0;0;0|36.727058
282|71409|-4400;-66;236|0;0;0|36.829998
283|71420|-4432;-167;339|0;0;0|36.885880
284|71432|-4432;-231;199|0;0;0|36.671177
285|71443|-4432;-202;47|0;0;0|36.488823
286|71455|-4400;-143;-212|0;0;0|36.441765
287|71466|-4400;-153;-325|0;0;0|36.406471
288|71478|-4400;-146;-278|0;0;0|36.488823
289|71489|-4400;-216;-197|0;0;0|36.565292
290|71501|-4432;-250;-274|0;0;0|36.591763
291|71512|-4432;-289;-456|0;0;0|36.888821
292|71524|-4432;-200;-471|0;0;0|36.859409
293|71536|-4432;-108;-302|0;0;0|36.685883
294|71547|-4400;-127;-229|0;0;0|36.450588
295|71583|-4432;100;-764|0;0;0|36.879997
296|71595|-4432;3799;784|0;0;0|42.435883
297|71606|-4400;790;-214|0;0;0|36.497646
298|71618|-4432;1285;403|0;0;0|37.129997
299|71629|-4432;1632;544|0;0;0|35.035881
300|71641|-4432;2384;785|0;0;0|34.315292
301|71652|-4432;3736;1224|0;0;0|34.418236
302|71664|-4400;5076;1637|0;0;0|35.180000
303|71675|-4400;5830;1716|0;0;0|35.568233
304|71687|-4432;5899;1863|0;0;0|37.038822
305|71698|-4400;5319;2342|0;0;0|37.871174
306|71710|-4400;4521;2897|0;0;0|36.874115
307|71746|-4432;1116;2681|0;0;0|35.765293
308|71757|-4432;-57;2165|0;0;0|37.397644
309|71769|-4400;-1508;1225|0;0;0|39.035881
310|71781|-4432;-1846;531|0;0;0|39.562351
311|71792|-4432;-1945;181|0;0;0|39.150589
312|71804|-4432;-1943;89|0;0;0|38.103527
313|71815|-4432;-1997;37|0;0;0|37.441765
314|71827|-4432;-2266;116|0;0;0|37.703529
315|71838|-4400;-2422;4|0;0;0|37.382938
316|71850|-4432;-2498;-267|0;0;0|35.677059
317|71861|-4432;-2156;-412|0;0;0|34.909412
318|71873|-4400;-1815;-549|0;0;0|35.438824
319|71909|-4432;-1451;-410|0;0;0|36.809410
320|71921|-4368;-1336;-216|0;0;0|36.915295
321|71932|-4432;-1170;-11|0;0;0|36.680000
322|71944|-4400;-949;241|0;0;0|36.418236
323|71955|-4400;-930;314|0;0;0|36.327057
324|71967|-4400;-1068;307|0;0;0|36.562351
325|71978|-4400;-1161;182|0;0;0|37.068233
326|71990|-4400;-1133;80|0;0;0|37.618233
327|72001|-4400;-1130;25|0;0;0|37.491764
328|72013|-4400;-1148;-31|0;0;0|37.144703
329|72024|-4400;-1134;-6|0;0;0|36.765293
330|72036|-4400;-1072;-33|0;0;0|36.577057
331|72048|-4432;-951;-98|0;0;0|36.556469
332|72084|-4400;-1211;14|0;0;0|36.900585
333|72096|-4432;-1460;-144|0;0;0|36.859409
334|72107|-4400;-1456;-339|0;0;0|36.509411
335|72119|-4400;-1173;-432|0;0;0|36.403526
336|72130|-4368;-704;-323|0;0;0|36.412354
337|72142|-4368;-403;-156|0;0;0|36.150585
338|72154|-4400;-291;-68|0;0;0|35.965294
339|72165|-4400;-294;-139|0;0;0|35.635880
340|72177|-4400;-296;-279|0;0;0|35.918236
341|72188|-4368;-213;-433|0;0;0|36.353527
342|72200|-4432;-191;-511|0;0;0|36.594704
343|72211|-4432;-266;-532|0;0;0|36.632938
344|72248|-4400;-663;-388|0;0;0|36.115292
345|72260|-4400;-565;-349|0;0;0|36.168236
346|72271|-4368;-365;-235|0;0;0|36.091763
347|72283|-4400;-171;-186|0;0;0|35.894703
348|72294|-4400;-69;-133|0;0;0|35.762352
349|72306|-4432;-122;-165|0;0;0|35.541763
350|72317|-4400;-254;-114|0;0;0|35.471176
351|72329|-4432;-365;-84|0;0;0|35.250587
352|72340|-4368;-375;53|0;0;0|34.785881
353|72352|-4432;-358;228|0;0;0|33.556469
354|72363|-4400;-293;197|0;0;0|32.297646
355|72375|-4368;-255;179|0;0;0|31.212353
356|72411|-4432;-1283;1036|0;0;0|35.294704
357|72423|-4432;-1215;2400|0;0;0|38.327057
358|72434|-4400;-635;4284|0;0;0|41.168236
359|72446|-4400;-133;6536|0;0;0|44.144707
360|72458|-4400;446;4415|0;0;0|42.129997
361|72469|-4400;865;-1725|0;0;0|34.556469
362|72481|-4368;2298;-7104|0;0;0|26.921175
363|72492|-4432;3475;-11530|0;0;0|21.668234
364|72504|-4400;4602;-14579|0;0;0|21.980000
365|72516|-4400;5562;-15611|0;0;0|24.685881
366|72528|-4432;6204;-15750|0;0;0|27.697647
367|72539|-4400;6529;-16974|0;0;0|29.912352
368|72576|-4400;5605;-21695|0;0;0|33.027058
369|72588|-4400;5306;-22397|0;0;0|32.218235
370|72600|-4432;4911;-22107|0;0;0|30.279999
371|72611|-4400;3790;-20820|0;0;0|28.865294
372|72623|-4368;2684;-17802|0;0;0|28.462353
373|72635|-4400;1240;-14948|0;0;0|30.074116
374|72646|-4432;42;-12611|0;0;0|30.924116
375|72658|-4400;-1125;-11267|0;0;0|30.353527
376|72670|-4432;-2436;-11041|0;0;0|28.674116
377|72682|-4400;-2743;-9823|0;0;0|22.535881
378|72693|-4432;-3154;-8254|0;0;0|20.671175
379|72705|-4400;-4021;-6139|0;0;0|22.997646
380|72741|-4368;-2281;5868|0;0;0|48.912354
381|72753|-4400;-1790;5353|0;0;0|46.144707
382|72765|-4400;-1862;3694|0;0;0|40.132938
383|72776|-4400;-1998;3430|0;0;0|36.082939
384|72788|-4400;-2022;3432|0;0;0|33.394703
385|72800|-4400;-1356;1801|0;0;0|29.912352
386|72811|-4400;-368;-2512|0;0;0|23.424116
387|72823|-4400;563;-3874|0;0;0|24.315292
388|72834|-4400;1980;-4213|0;0;0|26.871174
389|72846|-4368;3183;-3999|0;0;0|30.074116
390|72858|-4400;3484;-4628|0;0;0|31.824116
391|72869|-4400;3072;-5333|0;0;0|32.150589
392|72906|-4400;1191;-4790|0;0;0|33.285881
393|72917|-4400;910;-4660|0;0;0|32.218235
394|72929|-4400;909;-4316|0;0;0|31.562351
395|72940|-4432;684;-3470|0;0;0|32.197647
396|72952|-4400;181;-2972|0;0;0|32.759411
397|72963|-4400;-340;-2300|0;0;0|33.097645
398|72975|-4400;-772;-943|0;0;0|33.518234
399|72987|-4400;-1075;299|0;0;0|34.288822
400|72998|-4400;-1600;1092|0;0;0|34.447647
401|73010|-4432;-1914;1265|0;0;0|33.059410
402|73022|-4432;-1521;729|0;0;0|30.474117
403|73033|-4400;-808;-49|0;0;0|28.003529
404|73069|-4432;515;-1409|0;0;0|27.374117
405|73081|-4400;773;-1622|0;0;0|27.865292
406|73092|-4400;818;-1967|0;0;0|27.994705
407|73104|-4432;580;-2027|0;0;0|28.659410
408|73115|-4400;229;-1505|0;0;0|30.412352
409|73127|-4400;89;-792|0;0;0|32.997646
410|73138|-4432;40;-356|0;0;0|35.200588
411|73150|-4368;-55;-510|0;0;0|36.103527
412|73161|-4432;-105;-1115|0;0;0|35.674118
413|73173|-4368;-119;-1856|0;0;0|34.629997
414|73184|-4432;-232;-2136|0;0;0|34.271175
415|73196|-4432;-287;-2321|0;0;0|34.759411
416|73232|-4400;-88;-1774|0;0;0|36.309410
417|73244|-4400;297;-1830|0;0;0|36.368233
418|73255|-4432;452;-2405|0;0;0|35.638821
419|73267|-4400;686;-3243|0;0;0|34.818233
420|73278|-4400;1015;-3617|0;0;0|34.171177
421|73290|-4432;1701;-3670|0;0;0|33.953529
422|73302|-4432;2914;-3219|0;0;0|34.350586
423|73313|-4432;4165;-3419|0;0;0|34.009411
424|73325|-4400;5164;-5105|0;0;0|31.009411
425|73337|-4400;4331;-7193|0;0;0|28.818233
426|73348|-4400;3256;-7984|0;0;0|29.974117
427|73360|-4400;3204;-8627|0;0;0|28.718235
428|73397|-4400;-4135;-1532|0;0;0|37.671177
429|73408|-4368;-6471;355|0;0;0|42.835880
430|73420|-4400;-9795;1188|0;0;0|46.997646
431|73432|-4400;-14289;2327|0;0;0|51.238823
432|73443|-4400;-23766;7512|0;0;0|58.482941
433|73455|-4432;-32768;15293|0;0;0|65.721176
434|73467|-4400;-14321;-3377|0;0;0|23.124117
435|73479|-4432;9672;-11549|0;0;0|23.327057
436|73491|-4400;14117;-3520|0;0;0|51.191765
437|73502|-4432;8511;-3367|0;0;0|46.485882
438|73514|-4400;5835;-8103|0;0;0|20.715294
439|73526|-4400;6076;-4551|0;0;0|13.453527
440|73562|-4400;-1211;3918|0;0;0|32.668236
441|73574|-4400;-5932;4603|0;0;0|32.291763
442|73586|-4464;-8620;7014|0;0;0|33.909409
443|73597|-4400;-9060;7039|0;0;0|33.121174
444|73609|-4400;-14291;7847|0;0;0|35.091763
445|73621|-4400;-13408;10906|0;0;0|43.127056
446|73632|-4400;-9871;14702|0;0;0|48.638824
447|73644|-4400;-5003;15852|0;0;0|52.071175
448|73656|-4432;-460;13920|0;0;0|49.700588
449|73668|-4400;2828;10790|0;0;0|43.409409
450|73679|-4400;5224;6971|0;0;0|36.259411
451|73716|-4400;6373;6161|0;0;0|37.079998
452|73727|-4400;5679;7239|0;0;0|39.215294
453|73739|-4400;4745;10560|0;0;0|41.235882
454|73751|-4400;3390;9375|0;0;0|38.968235
455|73762|-4432;2883;7834|0;0;0|34.097645
456|73774|-4432;2815;5593|0;0;0|30.644705
457|73785|-4400;3007;3838|0;0;0|31.215294
458|73797|-4400;3583;3497|0;0;0|35.094704
459|73808|-4400;4469;3782|0;0;0|40.497646
460|73820|-4400;5091;4749|0;0;0|44.180000
461|73832|-4400;5240;5688|0;0;0|45.253529
462|73843|-4432;5187;5817|0;0;0|44.053528
463|73855|-4400;5139;5206|0;0;0|39.606468
464|73891|-4432;7098;5645|0;0;0|33.032940
465|73903|-4400;7289;6056|0;0;0|36.794704
466|73914|-4400;6392;4409|0;0;0|40.047646
467|73926|-4400;4898;2222|0;0;0|39.147644
468|73938|-4432;2852;415|0;0;0|36.147644
469|73949|-4400;675;-325|0;0;0|35.471176
470|73961|-4400;-1318;109|0;0;0|35.782940
471|73972|-4432;-3308;1070|0;0;0|35.988823
472|73984|-4432;-5170;1108|0;0;0|35.297646
473|73995|-4400;-7128;-20|0;0;0|30.956470
474|74007|-4400;-7878;-616|0;0;0|26.591763
475|74019|-4432;-8151;-2408|0;0;0|22.138823
476|74055|-4400;-7063;-3645|0;0;0|20.321175
477|74067|-4400;-8615;-3430|0;0;0|22.085880
478|74078|-4400;-10301;-3523|0;0;0|23.115292
479|74090|-4400;-10763;-2685|0;0;0|25.671175
480|74102|-4432;-8974;-497|0;0;0|31.606468
481|74114|-4400;-7296;3777|0;0;0|38.829998
482|74125|-4400;-6285;5318|0;0;0|46.041763
483|74137|-4400;-4473;6118|0;0;0|52.879997
484|74149|-4400;-2419;4729|0;0;0|56.353531
485|74160|-4400;-549;2814|0;0;0|57.618233
486|74172|-4432;310;1803|0;0;0|56.900589
487|74183|-4400;1661;698|0;0;0|53.465294
488|74219|-4400;3317;-5894|0;0;0|32.221176
489|74231|-4432;1683;-7425|0;0;0|28.321175
490|74243|-4400;93;-7162|0;0;0|29.879999
491|74254|-4432;-1709;-5182|0;0;0|36.324116
492|74266|-4400;-3160;-2870|0;0;0|46.871174
493|74278|-4432;-4370;264|0;0;0|55.794704
494|74289|-4400;-5259;1880|0;0;0|60.853531
495|74301|-4400;-6527;2293|0;0;0|61.203529
496|74312|-4400;-7721;1961|0;0;0|58.879997
497|74324|-4400;-9037;1546|0;0;0|55.915291
498|74336|-4432;-9450;1651|0;0;0|52.982941
499|74347|-4400;-9230;937|0;0;0|50.768234
500|74383|-4400;-4829;-3090|0;0;0|42.627056
501|74395|-4400;-4708;-4737|0;0;0|40.847645
502|74407|-4432;-4335;-5291|0;0;0|40.621174
503|74419|-4400;-3999;-5304|0;0;0|40.912354
504|74430|-4400;-3708;-4303|0;0;0|40.127056
505|74442|-4400;-2904;-2867|0;0;0|37.385880
506|74454|-4400;-2077;-2264|0;0;0|33.677059
507|74466|-4400;-2201;-2238|0;0;0|31.468235
508|74477|-4432;-2791;-2797|0;0;0|30.709412
509|74489|-4432;-3098;-3639|0;0;0|30.832939
510|74501|-4400;-3341;-4133|0;0;0|32.706470
511|74537|-4400;-1030;-2215|0;0;0|38.350586
512|74549|-4400;-1103;-1805|0;0;0|37.927059
513|74560|-4432;-1601;-1541|0;0;0|37.079998
514|74572|-4432;-2116;-1179|0;0;0|37.394703
515|74584|-4400;-1847;-756|0;0;0|38.680000
516|74596|-4400;-1430;-557|0;0;0|39.653526
517|74607|-4400;-1191;-587|0;0;0|40.021175
518|74619|-4368;-1210;-550|0;0;0|40.353527
519|74630|-4400;-1562;-457|0;0;0|41.138821
520|74642|-4432;-2005;-900|0;0;0|41.862350
521|74654|-4400;582;-2676|0;0;0|42.035881
522|74665|-4432;3293;-1570|0;0;0|43.350586
523|74702|-4400;-10720;1040|0;0;0|56.562351
524|74714|-4400;-4700;1929|0;0;0|50.656471
525|74725|-4400;-4453;3184|0;0;0|46.347645
526|74737|-4400;-3169;2066|0;0;0|39.821175
527|74749|-4464;-1805;1770|0;0;0|38.844704
528|74760|-4400;452;2499|0;0;0|40.577057
529|74772|-4432;4528;3358|0;0;0|42.553528
530|74783|-4400;9349;2940|0;0;0|45.335880
531|74795|-4400;13570;957|0;0;0|45.612350
532|74807|-4400;16400;-982|0;0;0|38.674118
533|74818|-4432;19557;-4415|0;0;0|31.821175
534|74830|-4432;21615;-5033|0;0;0|25.938824
535|74867|-4432;30332;-4890|0;0;0|12.415293
536|74878|-4400;32767;-3166|0;0;0|9.709410
537|74890|-4400;32767;-914|0;0;0|6.512352
538|74902|-4400;32767;-840|0;0;0|2.562351
539|74913|-4400;32767;-1091|0;0;0|-0.199413
540|74925|-4432;32767;1430|0;0;0|-0.987648
541|74937|-4400;32767;4498|0;0;0|-0.772942
542|74948|-4400;32767;7904|0;0;0|0.803528
543|74960|-4432;31606;10896|0;0;0|2.435883
544|74971|-4400;28462;13320|0;0;0|3.335880
545|74983|-4432;25547;14002|0;0;0|3.300587
546|74995|-4400;22872;13631|0;0;0|1.588821
547|75031|-4432;12705;12700|0;0;0|-2.084705
548|75043|-4400;5318;13349|0;0;0|1.818233
549|75055|-4400;-1888;10778|0;0;0|4.071175
550|75066|-4432;-9388;5396|0;0;0|9.297646
551|75078|-4432;-14889;2654|0;0;0|20.224117
552|75090|-4432;-18803;5906|0;0;0|33.400589
553|75101|-4400;-21866;11153|0;0;0|44.812351
554|75113|-4400;-24475;17388|0;0;0|55.503529
555|75125|-4432;-26478;21336|0;0;0|62.832939
556|75137|-4400;-28150;20292|0;0;0|64.132942
557|75149|-4400;-28874;15421|0;0;0|60.227058
558|75161|-4400;-27446;8514|0;0;0|53.844704
559|75198|-4400;-20654;-7998|0;0;0|34.018234
560|75209|-4400;-22177;-7348|0;0;0|29.712353
561|75221|-4400;-23642;-6173|0;0;0|30.515293
562|75233|-4400;-22791;-4969|0;0;0|34.977058
563|75245|-4368;-19686;-4938|0;0;0|41.124115
564|75257|-4400;-15623;-5619|0;0;0|45.503529
565|75269|-4432;-12559;-6172|0;0;0|45.079998
566|75281|-4400;-11181;-4461|0;0;0|42.977058
567|75293|-4368;-9218;-2947|0;0;0|40.277058
568|75304|-4400;-7442;-5089|0;0;0|37.132938
569|75316|-4400;-7591;-3692|0;0;0|37.109409
570|75352|-4400;-5625;-4483|0;0;0|33.491764
571|75364|-4432;-4523;-4467|0;0;0|33.903526
572|75376|-4400;-3662;-3363|0;0;0|36.809410
573|75387|-4368;-3210;-2216|0;0;0|39.956470
574|75399|-4400;-3361;-1786|0;0;0|40.912354
575|75411|-4368;-3826;-1351|0;0;0|39.212353
576|75423|-4400;-4415;-530|0;0;0|37.321175
577|75434|-4432;-4914;-115|0;0;0|35.438824
578|75446|-4400;-5226;-272|0;0;0|33.153526
579|75458|-4432;-5268;-610|0;0;0|31.682940
580|75469|-4400;-5098;-291|0;0;0|31.871176
581|75481|-4400;-4713;561|0;0;0|33.256470
582|75517|-4400;-2343;2259|0;0;0|37.259411
583|75529|-4432;-1288;1236|0;0;0|37.185883
584|75540|-4400;-943;256|0;0;0|36.571175
585|75552|-4432;-740;-477|0;0;0|36.647644
586|75563|-4432;-605;-1006|0;0;0|37.144703
587|75575|-4400;-406;-1051|0;0;0|37.730000
588|75587|-4400;-92;-810|0;0;0|38.097645
589|75598|-4400;265;-350|0;0;0|37.824116
590|75609|-4400;391;3|0;0;0|37.462353
591|75621|-4432;302;142|0;0;0|36.897644
592|75632|-4400;280;150|0;0;0|36.397644
593|75643|-4400;459;108|0;0;0|36.541763
594|75679|-4400;755;-534|0;0;0|35.903526
595|75691|-4400;453;-674|0;0;0|35.471176
596|75702|-4400;132;-565|0;0;0|35.171177
597|75714|-4400;18;-228|0;0;0|34.906471
598|75725|-4400;8;147|0;0;0|34.274117
599|75736|-4400;137;501|0;0;0|33.962353
600|75748|-4400;218;713|0;0;0|34.282940
601|75759|-4400;141;652|0;0;0|35.018234
602|75770|-4400;52;430|0;0;0|35.721176
603|75781|-4400;41;131|0;0;0|36.480000
604|75793|-4400;121;5|0;0;0|37.253529
605|75804|-4368;207;-33|0;0;0|37.227058
606|75815|-4400;306;-154|0;0;0|36.541763
607|75948|-4432;-181;-222|0;0;0|35.818233
608|75960|-4400;-35;-211|0;0;0|36.238823
609|75971|-4400;-9;-241|0;0;0|36.235882
610|75983|-4400;-82;-328|0;0;0|35.535881
611|75994|-4400;-100;-483|0;0;0|35.162354
612|76006|-4400;33;-554|0;0;0|35.297646
613|76017|-4400;346;-712|0;0;0|35.403526
614|76029|-4400;1746;784|0;0;0|50.147644
615|76040|-4400;1344;187|0;0;0|35.838821
616|76052|-4400;1613;-68|0;0;0|37.474117
617|76063|-4400;2737;1053|0;0;0|39.859409
618|76075|-4432;3815;1559|0;0;0|38.809410
619|76111|-4432;13777;3555|0;0;0|32.503529
620|76123|-4368;14709;2948|0;0;0|33.265293
621|76135|-4400;14090;2201|0;0;0|35.824116
622|76146|-4400;11138;1114|0;0;0|34.556469
623|76158|-4400;6439;89|0;0;0|31.509411
624|76169|-4432;2229;-305|0;0;0|31.918234
625|76181|-4368;-1754;-434|0;0;0|36.841763
626|76192|-4400;-4998;-1299|0;0;0|40.259411
627|76204|-4400;-6685;-2155|0;0;0|40.532940
628|76216|-4400;-6541;-1877|0;0;0|39.471176
629|76228|-4368;-4997;-683|0;0;0|36.680000
630|76239|-4400;-2822;1036|0;0;0|33.227058
631|76324|-4400;-2521;-322|0;0;0|35.962353
632|76336|-4400;-2471;-34|0;0;0|35.641762
633|76347|-4368;-2137;-87|0;0;0|35.730000
634|76359|-4432;-1735;-174|0;0;0|36.094704
635|76371|-4400;-1147;-445|0;0;0|36.803528
636|76382|-4400;-604;-724|0;0;0|37.488823
637|76394|-4400;-559;-806|0;0;0|37.777058
638|76405|-4432;-517;-658|0;0;0|37.521175
639|76417|-4400;-753;-310|0;0;0|37.112350
640|76429|-4400;-994;-118|0;0;0|36.700588
641|76440|-4400;-1086;80|0;0;0|36.609409
642|76452|-4400;-939;216|0;0;0|36.574116
643|76463|-4400;-686;113|0;0;0|36.477058
644|76500|-4400;-341;-630|0;0;0|37.094704
645|76511|-4400;-363;-962|0;0;0|36.538822
646|76523|-4400;-374;-1330|0;0;0|35.777058
647|76534|-4400;-405;-1480|0;0;0|34.897644
648|76546|-4400;-283;-1477|0;0;0|34.359409
649|76558|-4400;-32;-1381|0;0;0|34.277058
650|76569|-4400;202;-907|0;0;0|35.274117
651|76581|-4400;342;205|0;0;0|37.241764
652|76592|-4400;626;2694|0;0;0|40.141762
653|76604|-4368;1193;5801|0;0;0|43.118233
654|76615|-4400;1813;9027|0;0;0|45.829998
655|76627|-4400;2710;9209|0;0;0|47.085880
656|76663|-4400;5966;-2844|0;0;0|29.421175
657|76675|-4400;6622;-8485|0;0;0|18.971176
658|76687|-4368;7805;-11852|0;0;0|12.253529
659|76698|-4400;8712;-13030|0;0;0|8.400587
660|76710|-4400;8967;-13119|0;0;0|7.471176
661|76722|-4400;8785;-13050|0;0;0|8.259411
662|76733|-4400;8300;-12747|0;0;0|11.159410
663|76745|-4432;7616;-11206|0;0;0|17.018234
664|76757|-4400;6994;-9525|0;0;0|23.565292
665|76768|-4368;6406;-9375|0;0;0|28.424116
666|76780|-4400;5948;-10891|0;0;0|30.232941
667|76792|-4400;5612;-13097|0;0;0|29.674116
668|76828|-4432;3549;-18918|0;0;0|23.668234
669|76840|-4400;2523;-19114|0;0;0|22.694706
670|76851|-4400;1448;-19608|0;0;0|22.897646
671|76863|-4368;736;-19184|0;0;0|24.671175
672|76875|-4368;-108;-17853|0;0;0|27.824116
673|76887|-4368;-1582;-16651|0;0;0|30.962353
674|76898|-4400;-2689;-11678|0;0;0|41.371174
675|76910|-4368;-4390;-12704|0;0;0|44.027058
676|76922|-4400;-5854;-14455|0;0;0|45.574116
677|76934|-4400;-7107;-14481|0;0;0|49.841763
678|76946|-4400;-7271;-13888|0;0;0|54.791763
679|76982|-4400;-5462;-19334|0;0;0|41.297646
680|76994|-4432;-4207;-22619|0;0;0|31.838821
681|77006|-4400;-2230;-23884|0;0;0|25.585880
682|77018|-4432;-573;-20815|0;0;0|25.474117
683|77030|-4432;365;-15928|0;0;0|28.447647
684|77041|-4432;25;-10883|0;0;0|31.124117
685|77053|-4400;317;-8790|0;0;0|29.165293
686|77064|-4400;1121;-8671|0;0;0|23.941765
687|77076|-4432;1249;-9064|0;0;0|18.697645
688|77088|-4432;1583;-9510|0;0;0|16.429998
689|77099|-4400;1689;-9655|0;0;0|16.000587
690|77111|-4400;1189;-9247|0;0;0|18.074116
691|77147|-4400;2347;-8952|0;0;0|31.941763
692|77159|-4400;2528;-7730|0;0;0|34.959412
693|77170|-4400;1941;-7009|0;0;0|35.032940
694|77182|-4400;988;-7057|0;0;0|32.641762
695|77194|-4400;-12;-7696|0;0;0|28.565292
696|77205|-4400;-696;-7780|0;0;0|25.585880
697|77217|-4400;-1144;-7028|0;0;0|25.115292
698|77229|-4400;-401;-5479|0;0;0|26.874117
699|77240|-4400;864;-4333|0;0;0|29.356468
700|77252|-4400;2023;-3566|0;0;0|32.018234
701|77263|-4400;2712;-3357|0;0;0|34.612350
702|77275|-4432;2927;-3218|0;0;0|37.309410
703|77311|-4400;-2016;-3255|0;0;0|36.335880
704|77323|-4400;-3114;-2958|0;0;0|35.974117
705|77335|-4400;-2753;-2151|0;0;0|37.400585
706|77346|-4400;-1290;-1765|0;0;0|38.488823
707|77358|-4400;598;-2625|0;0;0|38.903526
708|77370|-4400;2175;-4447|0;0;0|39.882938
709|77381|-4432;3152;-5382|0;0;0|40.603527
710|77393|-4400;3390;-5191|0;0;0|40.912354
711|77405|-4432;3046;-4332|0;0;0|40.906471
712|77416|-4400;2850;-3086|0;0;0|39.165295
713|77428|-4400;2887;-1545|0;0;0|36.038822
714|77440|-4400;2612;-423|0;0;0|34.377056
715|77476|-4400;-730;42|0;0;0|36.935883
716|77488|-4400;-874;-1604|0;0;0|36.850586
717|77499|-4400;586;-3022|0;0;0|37.762352
718|77511|-4400;1483;-3461|0;0;0|38.756470
719|77522|-4400;858;-3542|0;0;0|39.227058
720|77534|-4432;-310;-3529|0;0;0|37.400585
721|77546|-4400;-226;-2127|0;0;0|36.544704
722|77557|-4432;1116;-1722|0;0;0|35.091763
723|77569|-4400;2160;-43|0;0;0|36.077057
724|77580|-4432;2101;2335|0;0;0|38.265293
725|77592|-4432;869;2203|0;0;0|37.538822
726|77603|-4400;-1457;1124|0;0;0|38.865292
727|77640|-4432;-10758;2478|0;0;0|48.377060
728|77652|-4368;-17350;4483|0;0;0|54.327057
729|77664|-4400;-24431;7847|0;0;0|60.450584
730|77675|-4400;-8658;3076|0;0;0|57.218235
731|77687|-4400;9739;-15246|0;0;0|11.406469
732|77699|-4400;16474;-4968|0;0;0|48.527058
733|77710|-4400;6039;4419|0;0;0|47.944706
734|77722|-4400;1879;-495|0;0;0|28.462353
735|77734|-4432;2104;2309|0;0;0|24.141764
736|77745|-4432;2901;6588|0;0;0|24.906469
737|77757|-4400;3576;6928|0;0;0|25.156469
738|77768|-4400;1714;6631|0;0;0|25.553528
739|77805|-4400;-6831;11952|0;0;0|28.059410
740|77817|-4432;-7584;18353|0;0;0|47.077057
741|77828|-4400;-17255;16969|0;0;0|50.906471
742|77840|-4400;-18823;13496|0;0;0|50.221176
743|77852|-4400;-18536;13966|0;0;0|51.300587
744|77864|-4400;-17583;15420|0;0;0|55.527058
745|77876|-4400;-15902;16496|0;0;0|61.430000
746|77888|-4432;-13936;17402|0;0;0|68.150589
747|77899|-4400;-12253;19082|0;0;0|74.650589
748|77911|-4400;-11171;20558|0;0;0|79.006470
749|77923|-4368;-10500;19369|0;0;0|83.430000
750|77960|-4400;-12026;26805|0;0;0|97.315292
751|77972|-4400;-12980;26934|0;0;0|99.491760
752|77984|-4432;-12870;28696|0;0;0|99.688828
753|77996|-4432;-12076;29808|0;0;0|100.368233
754|78008|-4400;-10914;30196|0;0;0|101.877060
755|78020|-4400;-8442;28670|0;0;0|102.421173
756|78031|-4368;-4782;23755|0;0;0|102.635880
757|78043|-4368;-1076;19716|0;0;0|100.830002
758|78055|-4400;2309;17493|0;0;0|94.027054
759|78067|-4432;3928;12548|0;0;0|80.532944
760|78078|-4368;5325;8228|0;0;0|62.353531
761|78090|-4432;6167;5216|0;0;0|46.397644
762|78126|-4400;7557;1406|0;0;0|22.785881
763|78138|-4400;7191;1626|0;0;0|23.744705
764|78149|-4432;6150;2617|0;0;0|28.112350
765|78161|-4432;5011;4070|0;0;0|34.621174
766|78172|-4432;3964;4747|0;0;0|40.615292
767|78184|-4400;3284;4308|0;0;0|44.777058
768|78195|-4432;3134;3619|0;0;0|44.744705
769|78207|-4432;3155;2930|0;0;0|41.768234
770|78219|-4432;2877;1749|0;0;0|36.250587
771|78230|-4400;2568;162|0;0;0|30.765293
772|78242|-4400;2486;-1408|0;0;0|28.150587
773|78253|-4400;2386;-2224|0;0;0|29.321175
774|78289|-4400;2570;-788|0;0;0|37.627056
775|78301|-4432;2559;93|0;0;0|37.135880
776|78312|-4400;2514;666|0;0;0|35.759411
777|78324|-4400;2454;1020|0;0;0|34.568233
778|78335|-4432;2617;1185|0;0;0|34.468235
779|78347|-4400;2985;1178|0;0;0|35.353527
780|78358|-4432;3337;578|0;0;0|35.677059
781|78370|-4400;3899;-190|0;0;0|35.100586
782|78382|-4432;2930;-965|0;0;0|34.712353
783|78393|-4400;2033;-2056|0;0;0|34.471176
784|78405|-4432;1358;-2235|0;0;0|35.109409
785|78416|-4400;1091;-1484|0;0;0|36.185883
786|78453|-4368;1122;-1455|0;0;0|34.518234
787|78464|-4432;499;-2014|0;0;0|33.691765
788|78476|-4432;-53;-1908|0;0;0|34.230000
789|78487|-4400;-214;-1252|0;0;0|35.797646
790|78499|-4400;-235;-576|0;0;0|37.244705
791|78511|-4400;-240;-533|0;0;0|37.935883
792|78522|-4400;-791;-4850|0;0;0|35.368233
793|78534|-4400;5026;678|0;0;0|38.400585
794|78545|-4400;6998;-3236|0;0;0|33.650589
795|78557|-4400;-32768;32767|0;0;0|58.444702
796|78569|-4400;-11641;-10691|0;0;0|37.027058
797|78581|-4400;-3258;5562|0;0;0|48.585880
798|78617|-4400;-1573;1555|0;0;0|35.777058
799|78628|-4400;-1317;510|0;0;0|33.624115
800|78640|-4400;0;533|0;0;0|35.027058
801|78651|-4400;1340;469|0;0;0|36.977058
802|78663|-4432;2488;-817|0;0;0|37.106468
803|78674|-4400;3611;-2188|0;0;0|34.400589
804|78686|-4400;4918;-3856|0;0;0|29.938822
805|78698|-4432;6468;-4383|0;0;0|25.009411
806|78709|-4400;7377;-4361|0;0;0|21.527058
807|78721|-4400;7368;-2671|0;0;0|20.221176
808|78732|-4400;7125;-250|0;0;0|20.988823
809|78744|-4432;6845;1293|0;0;0|22.938824
810|78781|-4400;6561;6440|0;0;0|30.494705
811|78792|-4400;6251;8227|0;0;0|33.897644
812|78804|-4432;6610;9015|0;0;0|38.741764
813|78815|-4400;9780;7204|0;0;0|41.450588
814|78827|-4400;11102;6081|0;0;0|40.374115
815|78839|-4432;11569;5386|0;0;0|36.777058
816|78850|-4400;11290;4771|0;0;0|32.047646
817|78862|-4400;9768;2371|0;0;0|30.079998
818|78873|-4432;7002;-202|0;0;0|31.388823
819|78885|-4400;3344;-2051|0;0;0|32.412354
820|78897|-4400;243;-2003|0;0;0|37.768234
821|78908|-4400;-1732;-2579|0;0;0|41.594704
822|78945|-4400;-5131;-14597|0;0;0|37.629997
823|78957|-4400;-4478;-14145|0;0;0|32.341763
824|78969|-4368;-3224;-10372|0;0;0|25.815292
825|78981|-4400;-2376;-6552|0;0;0|20.324116
826|78992|-4400;-2142;-1692|0;0;0|14.756470
827|79004|-4400;-3225;820|0;0;0|8.812351
828|79015|-4400;-4951;1064|0;0;0|3.103527
829|79027|-4400;-7252;198|0;0;0|-2.955296
830|79039|-4400;-8916;-4343|0;0;0|-8.184708
831|79050|-4400;-9901;-10717|0;0;0|-7.264118
832|79062|-4400;-9932;-16408|0;0;0|3.038822
833|79074|-4400;-9208;-15849|0;0;0|18.021175
834|79111|-4400;-307;3520|0;0;0|48.027058
835|79122|-4400;2203;6055|0;0;0|51.685883
836|79134|-4368;4150;8032|0;0;0|52.438824
837|79146|-4400;5074;8227|0;0;0|49.779999
838|79157|-4368;4210;5084|0;0;0|45.971176
839|79169|-4400;3943;3718|0;0;0|43.047646
840|79180|-4400;4538;4963|0;0;0|41.109409
841|79192|-4368;5236;5209|0;0;0|40.927059
842|79203|-4400;5334;4983|0;0;0|42.471176
843|79215|-4400;4242;4873|0;0;0|44.738823
844|79226|-4400;2641;3645|0;0;0|44.432941
845|79238|-4400;350;2484|0;0;0|41.753529
846|79275|-4400;-1825;422|0;0;0|34.059410
847|79286|-4432;-525;252|0;0;0|34.021175
848|79298|-4368;-8;1656|0;0;0|36.032940
849|79309|-4432;-55;2948|0;0;0|37.927059
850|79320|-4400;-555;2844|0;0;0|37.871174
851|79332|-4400;-1093;2229|0;0;0|36.559410
852|79344|-4400;-1297;1800|0;0;0|35.480000
853|79355|-4400;-660;1233|0;0;0|34.980000
854|79367|-4400;209;1313|0;0;0|35.332939
855|79378|-4400;665;2001|0;0;0|36.194706
856|79390|-4400;662;2499|0;0;0|36.932941
857|79401|-4400;42;2544|0;0;0|36.985882
858|79413|-4432;-688;1820|0;0;0|37.532940
859|79449|-4400;291;-744|0;0;0|43.306469
860|79460|-4400;261;-575|0;0;0|44.744705
861|79472|-4400;-393;-823|0;0;0|43.282940
862|79483|-4400;-1014;-1033|0;0;0|40.224117
863|79495|-4400;-1295;-829|0;0;0|38.759411
864|79507|-4368;-995;-197|0;0;0|38.688824
865|79518|-4368;-439;513|0;0;0|39.477058
866|79530|-4400;-21;1044|0;0;0|40.297646
867|79541|-4368;67;1361|0;0;0|41.191765
868|79552|-4400;68;903|0;0;0|41.706470
869|79564|-4400;215;301|0;0;0|41.215294
870|79575|-4400;320;-65|0;0;0|39.806469
871|79611|-4400;188;706|0;0;0|35.738823
872|79622|-4400;-25;1518|0;0;0|37.985882
873|79634|-4368;-279;1924|0;0;0|40.556469
874|79645|-4400;-425;1806|0;0;0|41.956470
875|79657|-4400;-297;1419|0;0;0|41.500587
876|79668|-4400;-72;847|0;0;0|39.603527
877|79680|-4400;122;237|0;0;0|36.685883
878|79691|-4368;213;-289|0;0;0|34.862350
879|79703|-4400;328;-462|0;0;0|34.691765
880|79714|-4400;458;-491|0;0;0|35.753529
881|79726|-4400;254;-516|0;0;0|36.682941
882|79737|-4400;35;-579|0;0;0|36.741764
883|79773|-4432;-248;-474|0;0;0|37.444706
884|79784|-4368;-309;-421|0;0;0|37.559410
885|79796|-4400;-398;-557|0;0;0|37.538822
886|79808|-4400;-538;-820|0;0;0|37.247646
887|79819|-4368;-546;-1107|0;0;0|37.312351
888|79831|-4368;-569;-1302|0;0;0|37.338821
889|79842|-4400;-529;-1305|0;0;0|37.024117
890|79854|-4368;-310;-1103|0;0;0|36.544704
891|79866|-4368;-23;-638|0;0;0|36.635880
892|79877|-4400;4;-133|0;0;0|36.874115
893|79888|-4400;-4;-110|0;0;0|36.418236
894|79900|-4368;-34;-288|0;0;0|36.609409
895|79911|-4400;-26;-445|0;0;0|37.027058
896|79947|-4368;136;-626|0;0;0|36.300587
897|79959|-4432;-62;-415|0;0;0|36.603527
898|79970|-4368;-307;-372|0;0;0|36.747646
899|79982|-4432;-562;-605|0;0;0|36.941765
900|79993|-4400;-656;-989|0;0;0|37.009411
901|80005|-4400;-553;-1194|0;0;0|36.774117
902|80017|-4400;-329;-1116|0;0;0|36.621174
903|80028|-4400;-147;-636|0;0;0|36.409412
904|80040|-4400;-29;-288|0;0;0|36.321175
905|80051|-4400;-16;-199|0;0;0|36.456470
906|80063|-4432;-120;-385|0;0;0|36.318233
907|80074|-4368;-182;-677|0;0;0|36.332939
908|80111|-4368;385;-328|0;0;0|35.997646
909|80122|-4400;376;-104|0;0;0|35.809410
910|80134|-4400;207;-150|0;0;0|36.009411
911|80145|-4400;29;-445|0;0;0|36.388821
912|80157|-4400;36;-723|0;0;0|36.635880
913|80168|-4400;47;-903|0;0;0|36.824116
914|80179|-4400;24;-858|0;0;0|36.891762
915|80191|-4400;-90;-782|0;0;0|36.756470
916|80202|-4400;-166;-704|0;0;0|36.500587
917|80214|-4368;-241;-677|0;0;0|36.379997
918|80225|-4400;-200;-827|0;0;0|36.174118
919|80237|-4432;-25;-931|0;0;0|35.662354
920|80248|-4368;117;-882|0;0;0|35.512352
921|80285|-4400;-306;-517|0;0;0|36.638821
922|80297|-4368;-390;-569|0;0;0|37.332939
923|80308|-4400;-410;-658|0;0;0|37.427059
924|80320|-4400;-393;-746|0;0;0|37.100586
925|80331|-4400;-305;-554|0;0;0|36.680000
926|80343|-4368;-143;-381|0;0;0|36.600586
927|80354|-4400;19;-394|0;0;0|36.291763
928|80366|-4400;39;-489|0;0;0|36.218235
929|80377|-4368;-47;-398|0;0;0|36.344704
930|80389|-4400;-162;-256|0;0;0|36.777058
931|80400|-4368;-181;-199|0;0;0|36.806469
932|80412|-4400;-145;-198|0;0;0|36.741764
933|80448|-4400;-119;-331|0;0;0|36.874115
934|80460|-4400;-109;-519|0;0;0|36.847645
935|80471|-4400;-158;-790|0;0;0|36.762352
936|80483|-4400;-172;-959|0;0;0|36.618233
937|80495|-4368;-169;-955|0;0;0|36.829998
938|80506|-4400;-209;-879|0;0;0|36.812351
939|80518|-4400;-280;-739|0;0;0|36.706470
940|80529|-4400;-245;-810|0;0;0|36.138821
941|80541|-4400;-318;-1290|0;0;0|35.730000
942|80553|-4400;-1716;1682|0;0;0|35.056469
943|80564|-4368;-392;-1543|0;0;0|35.871174
944|80576|-4400;-214;-989|0;0;0|37.900585
945|80612|-4368;174;-427|0;0;0|37.465294
946|80624|-4400;316;87|0;0;0|36.141762
947|80635|-4400;577;247|0;0;0|35.103527
948|80647|-4368;787;434|0;0;0|35.921177
949|80658|-4400;804;477|0;0;0|37.297646
950|80669|-4400;858;533|0;0;0|37.838821
951|80681|-4400;659;287|0;0;0|38.118233
952|80692|-4368;467;169|0;0;0|38.247646
953|80703|-4400;307;98|0;0;0|38.374115
954|80715|-4400;214;218|0;0;0|38.103527
955|80726|-4400;131;282|0;0;0|37.841763
956|80737|-4400;22;213|0;0;0|37.482941
957|80749|-4400;-114;35|0;0;0|36.332939
958|80784|-4368;-770;-882|0;0;0|35.297646
959|80796|-4432;-919;-978|0;0;0|35.868233
960|80808|-4400;-1505;-1168|0;0;0|36.185883
961|80819|-4400;-2403;-1322|0;0;0|35.735882
962|80831|-4400;-2991;-1338|0;0;0|33.088821
963|80843|-4432;-2906;-894|0;0;0|27.135881
964|80854|-4400;-2288;-1077|0;0;0|21.779999
965|80866|-4400;-1572;-385|0;0;0|19.118235
966|80878|-4432;-1121;1103|0;0;0|17.965292
967|80889|-4400;-764;3332|0;0;0|19.791763
968|80901|-4368;-150;4064|0;0;0|23.259411
969|80913|-4400;919;3802|0;0;0|26.624117
970|80949|-4400;4287;-2088|0;0;0|31.138823
971|80960|-4432;5848;-3135|0;0;0|31.124117
972|80972|-4400;7797;-2723|0;0;0|30.888823
973|80983|-4400;9685;-1591|0;0;0|30.341763
974|80995|-4400;11108;-419|0;0;0|29.650587
975|81007|-4400;12377;1556|0;0;0|28.797646
976|81018|-4400;13411;2968|0;0;0|27.588821
977|81030|-4432;14566;3271|0;0;0|26.179998
978|81042|-4400;16272;2880|0;0;0|24.188824
979|81053|-4432;18588;3040|0;0;0|23.856468
980|81065|-4368;20378;3367|0;0;0|25.494705
981|81077|-4368;20927;4085|0;0;0|28.615294
982|81113|-4400;16775;4915|0;0;0|40.965294
983|81124|-4400;15507;5121|0;0;0|42.029999
984|81136|-4432;14429;5302|0;0;0|41.341763
985|81148|-4400;13446;4243|0;0;0|38.835880
986|81159|-4400;12583;3015|0;0;0|36.350586
987|81171|-4400;11428;1878|0;0;0|34.474117
988|81183|-4400;9945;854|0;0;0|33.462353
989|81194|-4368;8885;148|0;0;0|32.700588
990|81206|-4368;8366;196|0;0;0|32.359409
991|81217|-4432;8340;1350|0;0;0|34.224117
992|81229|-4400;8398;2135|0;0;0|37.297646
993|81240|-4432;8099;2027|0;0;0|40.471176
994|81276|-4400;4882;-1651|0;0;0|42.638821
995|81288|-4432;4277;-1850|0;0;0|42.309410
996|81300|-4400;4365;-1122|0;0;0|42.847645
997|81311|-4400;5061;-79|0;0;0|43.471176
998|81323|-4400;5976;340|0;0;0|43.279999
999|81334|-4368;6684;141|0;0;0|42.544704
1000|81346|-4400;7128;-603|0;0;0|41.009411
1001|81357|-4400;7226;-1488|0;0;0|38.821175
1002|81369|-4368;7515;-1422|0;0;0|37.321175
1003|81381|-4400;7940;-145|0;0;0|37.032940
1004|81392|-4400;8417;1640|0;0;0|37.582939
1005|81404|-4400;8647;2571|0;0;0|38.338821
1006|81441|-4368;9109;985|0;0;0|38.000587
1007|81452|-4400;9808;-76|0;0;0|36.841763
1008|81464|-4400;10782;-669|0;0;0|35.624115
1009|81476|-4400;11869;-1026|0;0;0|34.603527
1010|81488|-4400;12635;-1793|0;0;0|33.912354
1011|81499|-4400;12704;-2607|0;0;0|33.856468
1012|81511|-4400;12307;-3244|0;0;0|34.506470
1013|81523|-4432;11854;-3605|0;0;0|36.112350
1014|81535|-4368;11696;-3822|0;0;0|37.559410
1015|81547|-4400;11846;-3599|0;0;0|38.900589
1016|81559|-4400;11915;-3231|0;0;0|39.774117
1017|81596|-4400;10471;-4722|0;0;0|36.247646
1018|81608|-4400;9996;-4947|0;0;0|36.291763
1019|81619|-4432;9564;-4198|0;0;0|37.727058
1020|81631|-4400;8774;-3151|0;0;0|39.415295
1021|81643|-4400;7970;-2165|0;0;0|40.141762
1022|81654|-4400;7348;-1683|0;0;0|39.529999
1023|81666|-4400;7100;-1457|0;0;0|37.974117
1024|81678|-4400;7065;-1212|0;0;0|36.209412
1025|81690|-4400;6986;-655|0;0;0|34.797646
1026|81701|-4400;6710;-1071|0;0;0|33.021175
1027|81713|-4400;6479;-1789|0;0;0|31.538822
1028|81725|-4400;6356;-1989|0;0;0|30.721176
1029|81762|-4368;5196;1102|0;0;0|32.406471
1030|81773|-4400;4393;2257|0;0;0|32.680000
1031|81785|-4400;3565;2719|0;0;0|31.968235
1032|81797|-4400;3049;2619|0;0;0|31.041763
1033|81808|-4400;2744;2187|0;0;0|30.677057
1034|81820|-4400;2709;1745|0;0;0|31.182940
1035|81832|-4400;2782;1578|0;0;0|32.012352
1036|81843|-4368;2782;1405|0;0;0|32.959412
1037|81855|-4400;2760;907|0;0;0|33.571175
1038|81866|-4400;2636;135|0;0;0|33.877056
1039|81878|-4368;2414;-508|0;0;0|34.124115
1040|81890|-4368;2059;-432|0;0;0|34.994705
1041|81926|-4432;873;288|0;0;0|38.806469
1042|81938|-4368;571;-282|0;0;0|39.097645
1043|81949|-4368;497;-796|0;0;0|39.230000
1044|81961|-4432;529;-1013|0;0;0|39.541763
1045|81973|-4368;628;-1183|0;0;0|39.777058
1046|81984|-4432;670;-1178|0;0;0|40.085880
1047|81996|-4400;468;-874|0;0;0|40.815292
1048|82007|-4400;423;-609|0;0;0|41.706470
1049|82019|-4368;612;-567|0;0;0|41.897644
1050|82031|-4432;795;-843|0;0;0|41.168236
1051|82042|-4400;892;-1290|0;0;0|39.653526
1052|82054|-4400;871;-1589|0;0;0|38.103527
1053|82141|-4400;-1434;-281|0;0;0|40.521175
1054|82153|-4400;-1607;-70|0;0;0|40.044704
1055|82164|-4400;-1704;76|0;0;0|39.259411
1056|82176|-4400;-1716;133|0;0;0|38.509411
1057|82187|-4400;-1608;129|0;0;0|37.771175
1058|82199|-4368;-1326;1|0;0;0|36.997646
1059|82211|-4400;-880;-147|0;0;0|36.368233
1060|82222|-4368;-577;-233|0;0;0|36.174118
1061|82234|-4368;-299;-309|0;0;0|36.409412
1062|82246|-4400;-60;-579|0;0;0|36.815292
1063|82257|-4400;34;-684|0;0;0|37.227058
1064|82269|-4400;-45;-502|0;0;0|37.624115
1065|82305|-4400;-455;-137|0;0;0|35.032940
1066|82316|-4400;-653;23|0;0;0|33.418236
1067|82328|-4400;-765;362|0;0;0|32.597645
1068|82339|-4400;-748;553|0;0;0|32.153526
1069|82351|-4400;-716;453|0;0;0|32.000587
1070|82362|-4400;-627;334|0;0;0|32.132938
1071|82374|-4432;-459;72|0;0;0|32.344704
1072|82385|-4400;-79;-366|0;0;0|32.594704
1073|82397|-4368;261;-720|0;0;0|32.688824
1074|82409|-4400;558;-1158|0;0;0|32.741764
1075|82420|-4400;649;-1375|0;0;0|32.282940
1076|82432|-4400;714;-1359|0;0;0|31.579998
1077|82468|-4400;954;-1199|0;0;0|27.935881
1078|82480|-4400;930;-1248|0;0;0|27.609409
1079|82491|-4400;742;-977|0;0;0|27.824116
1080|82503|-4400;552;-590|0;0;0|28.521175
1081|82514|-4432;537;-370|0;0;0|29.265293
1082|82526|-4400;770;-483|0;0;0|29.691763
1083|82538|-4400;1101;-793|0;0;0|29.518234
1084|82549|-4368;1426;-1197|0;0;0|28.874117
1085|82561|-4432;1561;-1463|0;0;0|27.985882
1086|82573|-4368;1492;-1422|0;0;0|27.182940
1087|82584|-4400;1226;-1202|0;0;0|26.730000
1088|82596|-4400;886;-811|0;0;0|26.562351
1089|82632|-4400;-455;592|0;0;0|26.929998
1090|82644|-4400;-756;884|0;0;0|26.303528
1091|82655|-4368;-906;945|0;0;0|25.462353
1092|82667|-4400;-1093;706|0;0;0|24.674116
1093|82679|-4400;-1389;536|0;0;0|24.203529
1094|82690|-4368;-1732;432|0;0;0|24.524117
1095|82702|-4400;-2051;281|0;0;0|25.821175
1096|82713|-4432;-2382;189|0;0;0|27.374117
1097|82725|-4400;-2823;52|0;0;0|29.812351
1098|82737|-4400;-3101;-161|0;0;0|32.359409
1099|82748|-4400;-3229;-469|0;0;0|34.418236
1100|82760|-4400;-2994;-635|0;0;0|35.779999
1101|82797|-4400;-1181;-641|0;0;0|37.347645
1102|82809|-4400;-682;-454|0;0;0|37.003529
1103|82820|-4400;-363;-272|0;0;0|36.344704
1104|82832|-4400;-210;-117|0;0;0|35.594704
1105|82844|-4400;-211;-107|0;0;0|35.088821
1106|82855|-4432;-255;-88|0;0;0|35.188824
1107|82867|-4400;-364;316|0;0;0|35.771175
1108|82878|-4368;-441;915|0;0;0|36.079998
1109|82890|-4432;-510;1330|0;0;0|35.668236
1110|82902|-4400;-579;1557|0;0;0|34.500587
1111|82913|-4400;-751;1602|0;0;0|33.115292
1112|82925|-4400;-907;1432|0;0;0|32.291763
1113|82962|-4368;-1287;1032|0;0;0|32.680000
1114|82973|-4368;-1452;742|0;0;0|33.379997
1115|82985|-4400;-1514;389|0;0;0|34.091763
1116|82997|-4400;-1594;116|0;0;0|34.594704
1117|83008|-4400;-1687;-124|0;0;0|34.697647
1118|83020|-4368;-1777;-193|0;0;0|34.291763
1119|83032|-4400;-1812;-185|0;0;0|33.565292
1120|83044|-4400;-1892;-235|0;0;0|32.882938
1121|83055|-4400;-2000;-277|0;0;0|32.600586
1122|83067|-4400;-2074;-132|0;0;0|32.597645
1123|83079|-4400;-2067;218|0;0;0|32.668236
1124|83090|-4400;-2054;474|0;0;0|32.730000
1125|83127|-4400;-1808;392|0;0;0|32.321175
1126|83139|-4368;-1746;489|0;0;0|32.215294
1127|83150|-4400;-1832;785|0;0;0|32.365292
1128|83162|-4400;-1962;908|0;0;0|32.568233
1129|83174|-4400;-2196;928|0;0;0|32.674118
1130|83185|-4368;-2592;1013|0;0;0|33.021175
1131|83197|-4368;-2973;998|0;0;0|33.594704
1132|83209|-4368;-3284;932|0;0;0|34.627056
1133|83220|-4400;-3576;762|0;0;0|35.662354
1134|83232|-4400;-3747;565|0;0;0|36.591763
1135|83244|-4400;-3799;553|0;0;0|37.356468
1136|83255|-4400;-3711;634|0;0;0|37.859409
1137|83292|-4400;-3152;1017|0;0;0|38.297646
1138|83304|-4368;-2877;1124|0;0;0|38.085880
1139|83316|-4400;-2539;1041|0;0;0|37.297646
1140|83327|-4400;-2216;944|0;0;0|36.153526
1141|83339|-4400;-1991;814|0;0;0|35.244705
1142|83351|-4368;-1822;845|0;0;0|34.897644
1143|83362|-4400;-1555;948|0;0;0|34.756470
1144|83374|-4400;-1209;1051|0;0;0|34.847645
1145|83386|-4368;-916;1111|0;0;0|34.832939
1146|83397|-4400;-648;1083|0;0;0|34.500587
1147|83409|-4400;-397;1015|0;0;0|34.359409
1148|83445|-4400;14;678|0;0;0|35.156471
1149|83456|-4432;223;432|0;0;0|35.421177
1150|83468|-4400;328;213|0;0;0|35.462353
1151|83479|-4400;502;68|0;0;0|35.727058
1152|83491|-4368;637;-16|0;0;0|36.065292
1153|83502|-4400;752;-54|0;0;0|36.491764
1154|83514|-4368;723;-157|0;0;0|36.774117
1155|83525|-4400;668;-209|0;0;0|36.915295
1156|83537|-4400;615;-257|0;0;0|36.897644
1157|83548|-4400;527;-241|0;0;0|37.003529
1158|83560|-4400;378;-254|0;0;0|36.997646
1159|83571|-4400;184;-293|0;0;0|37.197647
1160|83583|-4400;-4;-332|0;0;0|37.597645
1161|83619|-4400;-785;-31|0;0;0|38.718235
1162|83631|-4400;-929;82|0;0;0|38.450588
1163|83642|-4400;-976;22|0;0;0|37.947647
1164|83653|-4368;-958;-131|0;0;0|37.306469
1165|83665|-4400;-854;-167|0;0;0|36.965294
1166|83677|-4400;-677;-226|0;0;0|36.615292
1167|83688|-4400;-534;-225|0;0;0|36.303528
1168|83700|-4400;-465;-228|0;0;0|35.891762
1169|83712|-4400;-536;-194|0;0;0|35.718235
1170|83723|-4400;-638;-18|0;0;0|35.541763
1171|83735|-4400;-788;76|0;0;0|35.353527
1172|83746|-4432;-1024;89|0;0;0|35.188824
